0
0.01
0.0119678714859438
0.0139357429718876
0.0159036144578313
0.0178714859437751
0.0198393574297189
0.0218072289156627
0.0237751004016064
0.0257429718875502
0.027710843373494
0.0296787148594378
0.0316465863453815
0.0336144578313253
0.0355823293172691
0.0375502008032128
0.0395180722891566
0.0414859437751004
0.0434538152610442
0.045421686746988
0.0473895582329317
0.0493574297188755
0.0513253012048193
0.0532931726907631
0.0552610441767068
0.0572289156626506
0.0591967871485944
0.0611646586345382
0.0631325301204819
0.0651004016064257
0.0670682730923695
0.0690361445783133
0.071004016064257
0.0729718875502008
0.0749397590361446
0.0769076305220883
0.0788755020080321
0.0808433734939759
0.0828112449799197
0.0847791164658634
0.0867469879518072
0.088714859437751
0.0906827309236948
0.0926506024096385
0.0946184738955823
0.0965863453815261
0.0985542168674699
0.100522088353414
0.102489959839357
0.104457831325301
0.106425702811245
0.108393574297189
0.110361445783133
0.112329317269076
0.11429718875502
0.116265060240964
0.118232931726908
0.120200803212851
0.122168674698795
0.124136546184739
0.126104417670683
0.128072289156626
0.13004016064257
0.132008032128514
0.133975903614458
0.135943775100402
0.137911646586345
0.139879518072289
0.141847389558233
0.143815261044177
0.145783132530121
0.147751004016064
0.149718875502008
0.151686746987952
0.153654618473896
0.155622489959839
0.157590361445783
0.159558232931727
0.161526104417671
0.163493975903614
0.165461847389558
0.167429718875502
0.169397590361446
0.17136546184739
0.173333333333333
0.175301204819277
0.177269076305221
0.179236947791165
0.181204819277108
0.183172690763052
0.185140562248996
0.18710843373494
0.189076305220884
0.191044176706827
0.193012048192771
0.194979919678715
0.196947791164659
0.198915662650602
0.200883534136546
0.20285140562249
0.204819277108434
0.206787148594378
0.208755020080321
0.210722891566265
0.212690763052209
0.214658634538153
0.216626506024096
0.21859437751004
0.220562248995984
0.222530120481928
0.224497991967871
0.226465863453815
0.228433734939759
0.230401606425703
0.232369477911647
0.23433734939759
0.236305220883534
0.238273092369478
0.240240963855422
0.242208835341365
0.244176706827309
0.246144578313253
0.248112449799197
0.250080321285141
0.252048192771084
0.254016064257028
0.255983935742972
0.257951807228916
0.259919678714859
0.261887550200803
0.263855421686747
0.265823293172691
0.267791164658635
0.269759036144578
0.271726907630522
0.273694779116466
0.27566265060241
0.277630522088353
0.279598393574297
0.281566265060241
0.283534136546185
0.285502008032128
0.287469879518072
0.289437751004016
0.29140562248996
0.293373493975904
0.295341365461847
0.297309236947791
0.299277108433735
0.301244979919679
0.303212851405623
0.305180722891566
0.30714859437751
0.309116465863454
0.311084337349398
0.313052208835341
0.315020080321285
0.316987951807229
0.318955823293173
0.320923694779116
0.32289156626506
0.324859437751004
0.326827309236948
0.328795180722892
0.330763052208835
0.332730923694779
0.334698795180723
0.336666666666667
0.33863453815261
0.340602409638554
0.342570281124498
0.344538152610442
0.346506024096386
0.348473895582329
0.350441767068273
0.352409638554217
0.354377510040161
0.356345381526104
0.358313253012048
0.360281124497992
0.362248995983936
0.36421686746988
0.366184738955823
0.368152610441767
0.370120481927711
0.372088353413655
0.374056224899598
0.376024096385542
0.377991967871486
0.37995983935743
0.381927710843374
0.383895582329317
0.385863453815261
0.387831325301205
0.389799196787149
0.391767068273092
0.393734939759036
0.39570281124498
0.397670682730924
0.399638554216867
0.401606425702811
0.403574297188755
0.405542168674699
0.407510040160643
0.409477911646586
0.41144578313253
0.413413654618474
0.415381526104418
0.417349397590361
0.419317269076305
0.421285140562249
0.423253012048193
0.425220883534137
0.42718875502008
0.429156626506024
0.431124497991968
0.433092369477912
0.435060240963855
0.437028112449799
0.438995983935743
0.440963855421687
0.44293172690763
0.444899598393574
0.446867469879518
0.448835341365462
0.450803212851406
0.452771084337349
0.454738955823293
0.456706827309237
0.458674698795181
0.460642570281124
0.462610441767068
0.464578313253012
0.466546184738956
0.4685140562249
0.470481927710843
0.472449799196787
0.474417670682731
0.476385542168675
0.478353413654618
0.480321285140562
0.482289156626506
0.48425702811245
0.486224899598394
0.488192771084337
0.490160642570281
0.492128514056225
0.494096385542169
0.496064257028112
0.498032128514056
0.5
