0.00689655172413793
0.00691027696045913
0.00692404311528487
0.00693785035104637
0.00695169883097976
0.00696558871913079
0.0069795201803597
0.00699349338034602
0.0070075084855935
0.00702156566343495
0.00703566508203727
0.00704980691040636
0.0070639913183922
0.00707821847669383
0.00709248855686451
0.00710680173131678
0.00712115817332765
0.00713555805704381
0.00715000155748681
0.00716448885055837
0.00717902011304565
0.00719359552262662
0.00720821525787543
0.00722287949826783
0.00723758842418658
0.00725234221692703
0.00726714105870256
0.00728198513265021
0.00729687462283627
0.00731180971426192
0.00732679059286895
0.00734181744554545
0.00735689046013161
0.00737200982542552
0.00738717573118902
0.00740238836815362
0.00741764792802638
0.00743295460349595
0.00744830858823857
0.0074637100769241
0.0074791592652222
0.0074946563498084
0.00751020152837036
0.00752579499961408
0.00754143696327018
0.00755712762010026
0.00757286717190325
0.00758865582152182
0.00760449377284888
0.0076203812308341
0.0076363184014904
0.00765230549190067
0.00766834271022433
0.00768443026570409
0.00770056836867267
0.00771675723055965
0.00773299706389825
0.00774928808233231
0.0077656305006232
0.00778202453465681
0.00779847040145066
0.00781496831916093
0.00783151850708968
0.00784812118569205
0.00786477657658347
0.00788148490254707
0.00789824638754096
0.00791506125670569
0.00793192973637176
0.0079488520540671
0.00796582843852469
0.00798285911969019
0.00799994432872968
0.00801708429803735
0.00803427926124338
0.0080515294532218
0.00806883511009839
0.00808619646925871
0.00810361376935612
0.00812108725031994
0.00813861715336356
0.00815620372099269
0.00817384719701371
0.00819154782654193
0.0082093058560101
0.00822712153317683
0.00824499510713515
0.00826292682832114
0.00828091694852257
0.00829896572088768
0.00831707339993394
0.00833524024155695
0.00835346650303938
0.00837175244305996
0.00839009832170256
0.00840850440046532
0.00842697094226989
0.0084454982114707
0.0084640864738643
0.00848273599669878
0.00850144704868329
0.00852021989999759
0.00853905482230168
0.00855795208874555
0.00857691197397891
0.00859593475416112
0.00861502070697106
0.00863417011161721
0.0086533832488477
0.00867266040096047
0.00869200185181357
0.0087114078868354
0.00873087879303523
0.00875041485901356
0.0087700163749728
0.00878968363272782
0.00880941692571677
0.00882921654901183
0.00884908279933011
0.00886901597504469
0.00888901637619563
0.00890908430450113
0.0089292200633688
0.00894942395790697
0.00896969629493611
0.00899003738300032
0.00901044753237896
0.0090309270550983
0.00905147626494332
0.00907209547746959
0.0090927850100152
0.00911354518171286
0.00913437631350201
0.00915527872814112
0.00917625275021997
0.00919729870617217
0.00921841692428764
0.00923960773472527
0.00926087146952568
0.00928220846262404
0.00930361904986302
0.00932510356900584
0.00934666235974943
0.00936829576373766
0.00939000412457473
0.00941178778783862
0.00943364710109468
0.0094555824139093
0.00947759407786373
0.00949968244656796
0.00952184787567472
0.00954409072289368
0.00956641134800563
0.00958881011287685
0.0096112873814736
0.0096338435198767
0.00965647889629625
0.00967919388108645
0.00970198884676054
0.00972486416800589
0.00974782022169919
0.00977085738692173
0.00979397604497489
0.00981717657939568
0.00984045937597245
0.00986382482276068
0.00988727331009896
0.00991080523062506
0.00993442097929217
0.00995812095338518
0.00998190555253724
0.0100057751787463
0.010029730236392
0.0100537711322524
0.010077898275521
0.0101021120778241
0.0101264129532379
0.0101508013183063
0.0101752775920579
0.0101998421960245
0.0102244955542582
0.0102492380933501
0.0102740702424483
0.010298992433276
0.0103240051001503
0.0103491086800007
0.0103743036123879
0.0103995903395231
0.0104249693062866
0.0104504409602473
0.0104760057516823
0.0105016641335964
0.0105274165617418
0.0105532634946383
0.0105792053935931
0.0106052427227213
0.0106313759489661
0.0106576055421199
0.0106839319748446
0.0107103557226929
0.0107368772641294
0.0107634970805516
0.0107902156563122
0.01081703347874
0.0108439510381622
0.0108709688279264
0.0108980873444228
0.0109253070871069
0.0109526285585218
0.0109800522643213
0.0110075787132929
0.0110352084173809
0.0110629418917102
0.0110907796546093
0.0111187222276349
0.0111467701355954
0.0111749239065756
0.0112031840719606
0.0112315511664611
0.0112600257281379
0.0112886082984273
0.0113172994221662
0.0113460996476177
0.0113750095264969
0.0114040296139972
0.0114331604688161
0.0114624026531818
0.0114917567328801
0.0115212232772811
0.0115508028593664
0.0115804960557568
0.0116103034467394
0.0116402256162961
0.0116702631521314
0.0117004166457007
0.0117306866922394
0.0117610738907913
0.0117915788442379
0.0118222021593282
0.0118529444467078
0.0118838063209492
0.0119147884005819
0.0119458913081229
0.0119771156701076
0.0120084621171205
0.0120399312838268
0.0120715238090039
0.0121032403355733
0.0121350815106328
0.0121670479854886
0.0121991404156887
0.0122313594610553
0.0122637057857188
0.0122961800581506
0.012328782951198
0.0123615151421176
0.0123943773126104
0.0124273701488567
0.0124604943415509
0.0124937505859375
0.0125271395818466
0.0125606620337303
0.012594318650699
0.0126281101465585
0.012662037239847
0.0126961006538729
0.012730301116752
0.0127646393614467
0.0127991161258038
0.0128337321525939
0.0128684881895502
0.0129033849894088
0.0129384233099483
0.0129736039140301
0.0130089275696398
0.0130443950499275
0.0130800071332502
0.0131157646032129
0.0131516682487117
0.013187718863976
0.0132239172486118
0.0132602642076453
0.0132967605515667
0.0133334070963745
0.0133702046636206
0.0134071540804551
0.0134442561796722
0.013481511799756
0.0135189217849274
0.0135564869851905
0.0135942082563804
0.0136320864602109
0.0136701224643225
0.0137083171423317
0.0137466713738799
0.0137851860446829
0.0138238620465814
0.0138627002775915
0.0139017016419558
0.0139408670501951
0.0139801974191603
0.0140196936720855
0.0140593567386404
0.0140991875549847
0.0141391870638218
0.0141793562144535
0.0142196959628354
0.0142602072716326
0.0143008911102759
0.0143417484550188
0.0143827802889948
0.0144239876022753
0.0144653713919283
0.0145069326620774
0.0145486724239613
0.0145905916959947
0.0146326915038282
0.0146749728804108
0.0147174368660512
0.0147600845084807
0.0148029168629167
0.0148459349921264
0.0148891399664915
0.0149325328640732
0.0149761147706786
0.0150198867799263
0.0150638499933146
0.0151080055202884
0.0151523544783085
0.0151968979929204
0.0152416371978242
0.0152865732349453
0.0153317072545059
0.0153770404150966
0.0154225738837495
0.0154683088360118
0.0155142464560196
0.0155603879365732
0.0156067344792129
0.0156532872942953
0.0157000476010708
0.0157470166277617
0.0157941956116408
0.0158415857991113
0.0158891884457875
0.0159370048165756
0.0159850361857566
0.0160332838370685
0.0160817490637907
0.0161304331688287
0.0161793374647993
0.0162284632741176
0.0162778119290839
0.0163273847719726
0.0163771831551205
0.0164272084410178
0.0164774620023987
0.0165279452223333
0.0165786594943211
0.0166296062223843
0.0166807868211632
0.0167322027160118
0.0167838553430951
0.0168357461494866
0.0168878765932673
0.0169402481436263
0.0169928622809611
0.0170457204969802
0.0170988242948062
0.01715217518908
0.0172057747060665
0.0172596243837606
0.0173137257719956
0.0173680804325513
0.0174226899392645
0.0174775558781399
0.0175326798474624
0.0175880634579107
0.0176437083326723
0.0176996161075591
0.0177557884311247
0.0178122269647834
0.0178689333829293
0.0179259093730578
0.0179831566358878
0.0180406768854856
0.0180984718493898
0.0181565432687379
0.0182148928983938
0.0182735225070773
0.0183324338774944
0.0183916288064696
0.0184511091050794
0.0185108765987868
0.0185709331275784
0.0186312805461015
0.0186919207238045
0.018752855545077
0.0188140869093928
0.018875616731454
0.0189374469413365
0.0189995794846377
0.0190620163226249
0.0191247594323867
0.0191878108069843
0.0192511724556066
0.0193148464037251
0.0193788346932518
0.0194431393826981
0.0195077625473363
0.019572706279362
0.0196379726880589
0.0197035638999657
0.0197694820590437
0.0198357293268479
0.019902307882699
0.0199692199238574
0.0200364676656996
0.0201040533418963
0.0201719792045927
0.0202402475245907
0.0203088605915334
0.0203778207140914
0.0204471302201514
0.0205167914570073
0.0205868067915529
0.020657178610477
0.0207279093204613
0.0207990013483798
0.0208704571415007
0.0209422791676914
0.0210144699156246
0.0210870318949879
0.0211599676366954
0.0212332796931016
0.021306970638218
0.0213810430679324
0.0214554996002303
0.0215303428754198
0.0216055755563576
0.0216812003286795
0.0217572199010322
0.0218336370053085
0.0219104543968851
0.0219876748548634
0.0220653011823128
0.0221433362065173
0.0222217827792248
0.0223006437768995
0.0223799221009768
0.0224596206781224
0.0225397424604933
0.0226202904260024
0.0227012675785867
0.0227826769484778
0.0228645215924769
0.0229468045942317
0.0230295290645177
0.0231126981415226
0.0231963149911343
0.0232803828072319
0.0233649048119805
0.0234498842561302
0.0235353244193177
0.0236212286103725
0.0237076001676262
0.023794442459226
0.0238817588834518
0.0239695528690375
0.024057827875496
0.0241465873934482
0.0242358349449563
0.0243255740838613
0.0244158083961239
0.024506541500171
0.024597777047245
0.0246895187217589
0.0247817702416546
0.0248745353587666
0.0249678178591895
0.025061621563651
0.0251559503278888
0.0252508080430325
0.0253461986359905
0.0254421260698416
0.0255385943442317
0.0256356074957753
0.0257331695984624
0.0258312847640702
0.0259299571425804
0.026029190922602
0.0261289903317987
0.0262293596373224
0.0263303031462523
0.0264318252060397
0.0265339302049576
0.0266366225725576
0.0267399067801312
0.0268437873411784
0.0269482688118814
0.0270533557915848
0.0271590529232822
0.0272653648941088
0.0273722964358409
0.0274798523254011
0.0275880373853713
0.0276968564845114
0.0278063145382851
0.0279164165093929
0.0280271674083121
0.0281385722938434
0.0282506362736651
0.028363364504895
0.028476762194659
0.028590834600668
0.0287055870318017
0.028821024848701
0.0289371534643677
0.0290539783447724
0.0291715050094711
0.0292897390322287
0.0294086860416527
0.0295283517218339
0.0296487418129965
0.029769862112157
0.0298917184737918
0.0300143168105136
0.0301376630937581
0.0302617633544784
0.0303866236838502
0.0305122502339864
0.0306386492186606
0.0307658269140418
0.0308937896594383
0.0310225438580522
0.0311520959777439
0.0312824525518079
0.0314136201797587
0.0315456055281276
0.031678415331271
0.0318120563921897
0.0319465355833591
0.0320818598475722
0.0322180361987929
0.0323550717230225
0.0324929735791778
0.0326317489999813
0.0327714052928644
0.0329119498408832
0.0330533901036471
0.0331957336182605
0.0333389880002784
0.0334831609446744
0.0336282602268239
0.0337742937035004
0.033921269313886
0.034069195080597
0.0342180791107234
0.0343679295968838
0.0345187548182956
0.0346705631418602
0.0348233630232639
0.0349771630080951
0.0351319717329774
0.0352877979267188
0.0354446504114785
0.0356025381039499
0.035761470016561
0.0359214552586925
0.0360825030379139
0.0362446226612372
0.0364078235363892
0.0365721151731033
0.0367375071844287
0.0369040092880608
0.0370716313076899
0.0372403831743704
0.0374102749279106
0.0375813167182825
0.0377535188070533
0.037926891568838
0.0381014454927732
0.0382771911840141
0.038454139365253
0.0386323008782611
0.0388116866854532
0.0389923078714765
0.0391741756448231
0.0393573013394667
0.0395416964165248
0.0397273724659453
0.0399143412082198
0.0401026144961221
0.0402922043164737
0.0404831227919367
0.0406753821828333
0.0408689948889939
0.041063973451634
0.0412603305552589
0.041458079029599
0.0416572318515744
0.04185780214729
0.0420598031940623
0.0422632484224765
0.0424681514184768
0.0426745259254889
0.0428823858465755
0.0430917452466264
0.0433026183545818
0.0435150195656917
0.0437289634438104
0.0439444647237272
0.0441615383135343
0.0443801992970316
0.0446004629361707
0.044822344673537
0.0450458601348713
0.0452710251316323
0.0454978556635998
0.0457263679215191
0.0459565782897889
0.0461885033491916
0.0464221598796676
0.0466575648631354
0.0468947354863558
0.0471336891438437
0.0473744434408268
0.0476170161962519
0.0478614254458415
0.0481076894451984
0.0483558266729633
0.0486058558340216
0.0488577958627654
0.0491116659264072
0.049367485428349
0.0496252740116069
0.0498850515622924
0.0501468382131511
0.0504106543471603
0.0506765206011862
0.0509444578697024
0.05121448730857
0.051486630338881
0.0517609086508661
0.052037344207868
0.0523159592503816
0.0525967763001618
0.0528798181644009
0.0531651079399767
0.053452669017772
0.0537425250870676
0.0540347001400101
0.0543292184761553
0.054626104707089
0.0549253837611274
0.0552270808880971
0.0555312216641972
0.055837831996945
0.0561469381302065
0.0564585666493142
0.0567727444862718
0.0570894989250504
0.0574088576069756
0.0577308485362077
0.058055500085318
0.0583828410009616
0.0587129004096487
0.0590457078236179
0.0593812931468105
0.0597196866809515
0.0600609191317352
0.0604050216151213
0.0607520256637412
0.0611019632334166
0.0614548667097948
0.0618107689150999
0.0621697031150047
0.0625317030256245
0.0628968028206344
0.0632650371385148
0.0636364410899251
0.0640110502652093
0.0643889007420368
0.0647700290931791
0.0651544723944271
0.0655422682326497
0.0659334547139991
0.0663280704722626
0.0667261546773662
0.0671277470440322
0.0675328878405933
0.0679416178979668
0.0683539786187919
0.068770011986734
0.0691897605759579
0.0696132675607742
0.0700405767254626
0.0704717324742744
0.0709067798416192
0.071345764502438
0.0717887327827676
0.0722357316704995
0.0726868088263373
0.0731420125949562
0.0736013920163691
0.0740649968375033
0.0745328775239916
0.0750050852721827
0.0754816720213747
0.075962690466276
0.0764481940696993
0.0769382370754913
0.0774328745217053
0.0779321622540191
0.0784361569394046
0.078944916080054
0.0794584980275666
0.0799769619974029
0.0805003680836104
0.0810287772738264
0.0815622514645636
0.0821008534767843
0.0826446470717691
0.0831936969672845
0.083748068854057
0.0843078294125596
0.0848730463301157
0.0854437883183275
0.0860201251308357
0.0866021275814162
0.0871898675624209
0.087783418063569
0.0883828531910968
0.0889882481872713
0.0895996794502761
0.0902172245544764
0.0908409622710708
0.0914709725891368
0.0921073367370781
0.0927501372044823
0.0933994577643948
0.0940553834960194
0.0947180008078524
0.0953873974612588
0.0960636625944995
0.0967468867472172
0.0974371618853911
0.0981345814267679
0.0988392402667798
0.0995512348049565
0.100270662971843
0.100997624256429
0.101732219734106
0.102474552095154
0.103224725673773
0.103982846477667
0.10474902221819
0.105523362341072
0.106305978057717
0.10709698237711
0.107896490138315
0.108704618043596
0.10952148469217
0.110347210614582
0.111181918307743
0.112025732270622
0.112878779040608
0.113741187230557
0.114613087566528
0.115494612926231
0.116385898378185
0.117287081221606
0.118198301027038
0.11911969967773
0.120051421411779
0.120993612865045
0.121946423114859
0.122910003724517
0.12388450878859
0.124870094979058
0.125866921592267
0.126875150596734
0.127894946681807
0.128926477307187
0.129969912753327
0.131025426172716
0.132093193642061
0.133173394215377
0.134266209977986
0.13537182610145
0.136490430899431
0.1376222158845
0.138767375825889
0.13992610880821
0.141098616291131
0.142285103170027
0.143485777837607
0.144700852246525
0.14593054197297
0.147175066281247
0.148434648189356
0.14970951453555
0.150999896045893
0.152306027402805
0.153628147314593
0.15496649858597
0.156321328189544
0.157692887338286
0.159081431558953
0.160487220766463
0.161910519339206
0.163351596195282
0.164810724869639
0.166288183592096
0.167784255366229
0.169299228049096
0.170833394431765
0.172387052320622
0.173960504619421
0.17555405941203
0.177168030045846
0.178802735215812
0.180458499049003
0.182135651189713
0.183834526884988
0.18555546707053
0.187298818456916
0.189064933616035
0.190854171067671
0.192666895366136
0.194503477186855
0.1963642934128
0.198249727220648
0.200160168166557
0.202096012271412
0.204057662105414
0.206045526871841
0.208060022489846
0.210101571676086
0.212170604025028
0.214267556087709
0.216392871448749
0.218547000801393
0.220730402020334
0.222943540232065
0.225186887882486
0.227460924801471
0.229766138264097
0.232103023048185
0.234472081487829
0.236873823522525
0.239308766741504
0.241777436422866
0.244280365567065
0.246818094924264
0.249391173015083
0.252000156144202
0.25464560840626
0.25732810168347
0.260048215634321
0.262806537672709
0.265603662936806
0.26844019424693
0.271316742051647
0.274233924361279
0.277192366667973
0.28019270185141
0.283235570069209
0.28632161863102
0.289451501855249
0.292625880907301
0.295845423618187
0.299110804282254
0.302422703432762
0.305781807593962
0.309188809008255
0.312644405336954
0.316149299333104
0.319704198484734
0.323309814626853
0.326966863520416
0.330676064396417
0.33443813946318
0.338253813374854
0.342123812659006
0.346048865101163
0.350029699084028
0.35406704287905
0.358161623887904
0.362314167831388
0.366525397883124
0.3707960337454
0.375126790664377
0.379518378381818
0.383971500020419
0.388486850899737
0.393065117279644
0.397706975028168
0.402413088210518
0.40718410759603
0.412020669079743
0.416923392015251
0.421892877455459
0.426929706297863
0.432034437330966
0.437207605178436
0.442449718137677
0.4477612559095
0.453142667215669
0.458594367301174
0.464116735318218
0.469710111589036
0.47537479474485
0.481111038738459
0.48691904972824
0.492798982831583
0.498750938746136
0.504774960237613
0.510871028493326
0.517039059341086
0.523278899333658
0.529590321699534
0.535973022161459
0.542426614624855
0.548950626739082
0.55554449533536
0.56220756174609
0.568939067011352
0.575738146979457
0.58260382730962
0.589535018386082
0.596530510154377
0.603588966891885
0.610708921926325
0.617888772317477
0.625126773519098
0.632421034039785
0.639769510123357
0.647170000471287
0.654620141031616
0.662117399880865
0.669659072227472
0.677242275567372
0.684863945024429
0.692520828910484
0.700209484541863
0.707926274351125
0.715667362334809
0.723428710879688
0.731206078011764
0.738995015113702
0.746790865157748
0.754588761502236
0.762383627300577
0.770170175572159
0.777942909984669
0.785696126397161
0.79342391521247
0.801120164586448
0.808778564539845
0.816392612016455
0.823955616928366
0.83146070922582
0.838900847025125
0.846268825823476
0.853557288824191
0.860758738389938
0.867865548634882
0.874869979159446
0.881764189923485
0.888540257245237
0.895190190904413
0.901705952318361
0.908079473750351
0.914302678498906
0.920367502006682
0.926265913816959
0.931989940295284
0.937531688023505
0.942883367763354
0.948037318877112
0.95298603408379
0.957722184420913
0.962238644274477
0.966528516333143
0.970585156317364
0.974402197330051
0.977973573672645
0.981293543969233
0.984356713441663
0.98715805518054
0.989692930260597
0.991957106554189
0.993946776103595
0.995658570921345
0.997089577097886
0.998237347107473
0.999099910216044
0.999675780908949
0.999963965271531
0.999963965271531
0.999675780908949
0.999099910216044
0.998237347107473
0.997089577097886
0.995658570921345
0.993946776103595
0.991957106554189
0.989692930260597
0.98715805518054
0.984356713441663
0.981293543969233
0.977973573672645
0.974402197330051
0.970585156317364
0.966528516333143
0.962238644274477
0.957722184420913
0.95298603408379
0.948037318877112
0.942883367763354
0.937531688023505
0.931989940295284
0.926265913816959
0.920367502006682
0.914302678498906
0.908079473750351
0.901705952318361
0.895190190904413
0.888540257245237
0.881764189923485
0.874869979159446
0.867865548634882
0.860758738389938
0.853557288824191
0.846268825823476
0.838900847025125
0.83146070922582
0.823955616928366
0.816392612016455
0.808778564539845
0.801120164586448
0.79342391521247
0.785696126397161
0.777942909984669
0.770170175572159
0.762383627300577
0.754588761502236
0.746790865157748
0.738995015113702
0.731206078011764
0.723428710879688
0.715667362334809
0.707926274351125
0.700209484541863
0.692520828910484
0.684863945024429
0.677242275567372
0.669659072227472
0.662117399880865
0.654620141031616
0.647170000471287
0.639769510123357
0.632421034039785
0.625126773519098
0.617888772317477
0.610708921926325
0.603588966891885
0.596530510154377
0.589535018386082
0.58260382730962
0.575738146979457
0.568939067011352
0.56220756174609
0.55554449533536
0.548950626739082
0.542426614624855
0.535973022161459
0.529590321699534
0.523278899333658
0.517039059341086
0.510871028493326
0.504774960237613
0.498750938746136
0.492798982831583
0.48691904972824
0.481111038738459
0.47537479474485
0.469710111589036
0.464116735318218
0.458594367301174
0.453142667215669
0.4477612559095
0.442449718137677
0.437207605178436
0.432034437330966
0.426929706297863
0.421892877455459
0.416923392015251
0.412020669079743
0.40718410759603
0.402413088210518
0.397706975028168
0.393065117279644
0.388486850899737
0.383971500020419
0.379518378381818
0.375126790664377
0.3707960337454
0.366525397883124
0.362314167831388
0.358161623887904
0.35406704287905
0.350029699084028
0.346048865101163
0.342123812659006
0.338253813374854
0.33443813946318
0.330676064396417
0.326966863520416
0.323309814626853
0.319704198484734
0.316149299333104
0.312644405336954
0.309188809008255
0.305781807593962
0.302422703432762
0.299110804282254
0.295845423618187
0.292625880907301
0.289451501855249
0.28632161863102
0.283235570069209
0.28019270185141
0.277192366667973
0.274233924361279
0.271316742051647
0.26844019424693
0.265603662936806
0.262806537672709
0.260048215634321
0.25732810168347
0.25464560840626
0.252000156144202
0.249391173015083
0.246818094924264
0.244280365567065
0.241777436422866
0.239308766741504
0.236873823522525
0.234472081487829
0.232103023048185
0.229766138264097
0.227460924801471
0.225186887882486
0.222943540232065
0.220730402020334
0.218547000801393
0.216392871448749
0.214267556087709
0.212170604025028
0.210101571676086
0.208060022489846
0.206045526871841
0.204057662105414
0.202096012271412
0.200160168166557
0.198249727220648
0.1963642934128
0.194503477186855
0.192666895366136
0.190854171067671
0.189064933616035
0.187298818456916
0.18555546707053
0.183834526884988
0.182135651189713
0.180458499049003
0.178802735215812
0.177168030045846
0.17555405941203
0.173960504619421
0.172387052320622
0.170833394431765
0.169299228049096
0.167784255366229
0.166288183592096
0.164810724869639
0.163351596195282
0.161910519339206
0.160487220766463
0.159081431558953
0.157692887338286
0.156321328189544
0.15496649858597
0.153628147314593
0.152306027402805
0.150999896045893
0.14970951453555
0.148434648189356
0.147175066281247
0.14593054197297
0.144700852246525
0.143485777837607
0.142285103170027
0.141098616291131
0.13992610880821
0.138767375825889
0.1376222158845
0.136490430899431
0.13537182610145
0.134266209977986
0.133173394215377
0.132093193642061
0.131025426172716
0.129969912753327
0.128926477307187
0.127894946681807
0.126875150596734
0.125866921592267
0.124870094979058
0.12388450878859
0.122910003724517
0.121946423114859
0.120993612865045
0.120051421411779
0.11911969967773
0.118198301027038
0.117287081221606
0.116385898378185
0.115494612926231
0.114613087566528
0.113741187230557
0.112878779040608
0.112025732270622
0.111181918307743
0.110347210614582
0.10952148469217
0.108704618043596
0.107896490138315
0.10709698237711
0.106305978057717
0.105523362341072
0.10474902221819
0.103982846477667
0.103224725673773
0.102474552095154
0.101732219734106
0.100997624256429
0.100270662971843
0.0995512348049565
0.0988392402667798
0.0981345814267679
0.0974371618853911
0.0967468867472172
0.0960636625944995
0.0953873974612588
0.0947180008078524
0.0940553834960194
0.0933994577643948
0.0927501372044823
0.0921073367370781
0.0914709725891368
0.0908409622710708
0.0902172245544764
0.0895996794502761
0.0889882481872713
0.0883828531910968
0.087783418063569
0.0871898675624209
0.0866021275814162
0.0860201251308357
0.0854437883183275
0.0848730463301157
0.0843078294125596
0.083748068854057
0.0831936969672845
0.0826446470717691
0.0821008534767843
0.0815622514645636
0.0810287772738264
0.0805003680836104
0.0799769619974029
0.0794584980275666
0.078944916080054
0.0784361569394046
0.0779321622540191
0.0774328745217053
0.0769382370754913
0.0764481940696993
0.075962690466276
0.0754816720213747
0.0750050852721827
0.0745328775239916
0.0740649968375033
0.0736013920163691
0.0731420125949562
0.0726868088263373
0.0722357316704995
0.0717887327827676
0.071345764502438
0.0709067798416192
0.0704717324742744
0.0700405767254626
0.0696132675607742
0.0691897605759579
0.068770011986734
0.0683539786187919
0.0679416178979668
0.0675328878405933
0.0671277470440322
0.0667261546773662
0.0663280704722626
0.0659334547139991
0.0655422682326497
0.0651544723944271
0.0647700290931791
0.0643889007420368
0.0640110502652093
0.0636364410899251
0.0632650371385148
0.0628968028206344
0.0625317030256245
0.0621697031150047
0.0618107689150999
0.0614548667097948
0.0611019632334166
0.0607520256637412
0.0604050216151213
0.0600609191317352
0.0597196866809515
0.0593812931468105
0.0590457078236179
0.0587129004096487
0.0583828410009616
0.058055500085318
0.0577308485362077
0.0574088576069756
0.0570894989250504
0.0567727444862718
0.0564585666493142
0.0561469381302065
0.055837831996945
0.0555312216641972
0.0552270808880971
0.0549253837611274
0.054626104707089
0.0543292184761553
0.0540347001400101
0.0537425250870676
0.053452669017772
0.0531651079399767
0.0528798181644009
0.0525967763001618
0.0523159592503816
0.052037344207868
0.0517609086508661
0.051486630338881
0.05121448730857
0.0509444578697024
0.0506765206011862
0.0504106543471603
0.0501468382131511
0.0498850515622924
0.0496252740116069
0.049367485428349
0.0491116659264072
0.0488577958627654
0.0486058558340216
0.0483558266729633
0.0481076894451984
0.0478614254458415
0.0476170161962519
0.0473744434408268
0.0471336891438437
0.0468947354863558
0.0466575648631354
0.0464221598796676
0.0461885033491916
0.0459565782897889
0.0457263679215191
0.0454978556635998
0.0452710251316323
0.0450458601348713
0.044822344673537
0.0446004629361707
0.0443801992970316
0.0441615383135343
0.0439444647237272
0.0437289634438104
0.0435150195656917
0.0433026183545818
0.0430917452466264
0.0428823858465755
0.0426745259254889
0.0424681514184768
0.0422632484224765
0.0420598031940623
0.04185780214729
0.0416572318515744
0.041458079029599
0.0412603305552589
0.041063973451634
0.0408689948889939
0.0406753821828333
0.0404831227919367
0.0402922043164737
0.0401026144961221
0.0399143412082198
0.0397273724659453
0.0395416964165248
0.0393573013394667
0.0391741756448231
0.0389923078714765
0.0388116866854532
0.0386323008782611
0.038454139365253
0.0382771911840141
0.0381014454927732
0.037926891568838
0.0377535188070533
0.0375813167182825
0.0374102749279106
0.0372403831743704
0.0370716313076899
0.0369040092880608
0.0367375071844287
0.0365721151731033
0.0364078235363892
0.0362446226612372
0.0360825030379139
0.0359214552586925
0.035761470016561
0.0356025381039499
0.0354446504114785
0.0352877979267188
0.0351319717329774
0.0349771630080951
0.0348233630232639
0.0346705631418602
0.0345187548182956
0.0343679295968838
0.0342180791107234
0.034069195080597
0.033921269313886
0.0337742937035004
0.0336282602268239
0.0334831609446744
0.0333389880002784
0.0331957336182605
0.0330533901036471
0.0329119498408832
0.0327714052928644
0.0326317489999813
0.0324929735791778
0.0323550717230225
0.0322180361987929
0.0320818598475722
0.0319465355833591
0.0318120563921897
0.031678415331271
0.0315456055281276
0.0314136201797587
0.0312824525518079
0.0311520959777439
0.0310225438580522
0.0308937896594383
0.0307658269140418
0.0306386492186606
0.0305122502339864
0.0303866236838502
0.0302617633544784
0.0301376630937581
0.0300143168105136
0.0298917184737918
0.029769862112157
0.0296487418129965
0.0295283517218339
0.0294086860416527
0.0292897390322287
0.0291715050094711
0.0290539783447724
0.0289371534643677
0.028821024848701
0.0287055870318017
0.028590834600668
0.028476762194659
0.028363364504895
0.0282506362736651
0.0281385722938434
0.0280271674083121
0.0279164165093929
0.0278063145382851
0.0276968564845114
0.0275880373853713
0.0274798523254011
0.0273722964358409
0.0272653648941088
0.0271590529232822
0.0270533557915848
0.0269482688118814
0.0268437873411784
0.0267399067801312
0.0266366225725576
0.0265339302049576
0.0264318252060397
0.0263303031462523
0.0262293596373224
0.0261289903317987
0.026029190922602
0.0259299571425804
0.0258312847640702
0.0257331695984624
0.0256356074957753
0.0255385943442317
0.0254421260698416
0.0253461986359905
0.0252508080430325
0.0251559503278888
0.025061621563651
0.0249678178591895
0.0248745353587666
0.0247817702416546
0.0246895187217589
0.024597777047245
0.024506541500171
0.0244158083961239
0.0243255740838613
0.0242358349449563
0.0241465873934482
0.024057827875496
0.0239695528690375
0.0238817588834518
0.023794442459226
0.0237076001676262
0.0236212286103725
0.0235353244193177
0.0234498842561302
0.0233649048119805
0.0232803828072319
0.0231963149911343
0.0231126981415226
0.0230295290645177
0.0229468045942317
0.0228645215924769
0.0227826769484778
0.0227012675785867
0.0226202904260024
0.0225397424604933
0.0224596206781224
0.0223799221009768
0.0223006437768995
0.0222217827792248
0.0221433362065173
0.0220653011823128
0.0219876748548634
0.0219104543968851
0.0218336370053085
0.0217572199010322
0.0216812003286795
0.0216055755563576
0.0215303428754198
0.0214554996002303
0.0213810430679324
0.021306970638218
0.0212332796931016
0.0211599676366954
0.0210870318949879
0.0210144699156246
0.0209422791676914
0.0208704571415007
0.0207990013483798
0.0207279093204613
0.020657178610477
0.0205868067915529
0.0205167914570073
0.0204471302201514
0.0203778207140914
0.0203088605915334
0.0202402475245907
0.0201719792045927
0.0201040533418963
0.0200364676656996
0.0199692199238574
0.019902307882699
0.0198357293268479
0.0197694820590437
0.0197035638999657
0.0196379726880589
0.019572706279362
0.0195077625473363
0.0194431393826981
0.0193788346932518
0.0193148464037251
0.0192511724556066
0.0191878108069843
0.0191247594323867
0.0190620163226249
0.0189995794846377
0.0189374469413365
0.018875616731454
0.0188140869093928
0.018752855545077
0.0186919207238045
0.0186312805461015
0.0185709331275784
0.0185108765987868
0.0184511091050794
0.0183916288064696
0.0183324338774944
0.0182735225070773
0.0182148928983938
0.0181565432687379
0.0180984718493898
0.0180406768854856
0.0179831566358878
0.0179259093730578
0.0178689333829293
0.0178122269647834
0.0177557884311247
0.0176996161075591
0.0176437083326723
0.0175880634579107
0.0175326798474624
0.0174775558781399
0.0174226899392645
0.0173680804325513
0.0173137257719956
0.0172596243837606
0.0172057747060665
0.01715217518908
0.0170988242948062
0.0170457204969802
0.0169928622809611
0.0169402481436263
0.0168878765932673
0.0168357461494866
0.0167838553430951
0.0167322027160118
0.0166807868211632
0.0166296062223843
0.0165786594943211
0.0165279452223333
0.0164774620023987
0.0164272084410178
0.0163771831551205
0.0163273847719726
0.0162778119290839
0.0162284632741176
0.0161793374647993
0.0161304331688287
0.0160817490637907
0.0160332838370685
0.0159850361857566
0.0159370048165756
0.0158891884457875
0.0158415857991113
0.0157941956116408
0.0157470166277617
0.0157000476010708
0.0156532872942953
0.0156067344792129
0.0155603879365732
0.0155142464560196
0.0154683088360118
0.0154225738837495
0.0153770404150966
0.0153317072545059
0.0152865732349453
0.0152416371978242
0.0151968979929204
0.0151523544783085
0.0151080055202884
0.0150638499933146
0.0150198867799263
0.0149761147706786
0.0149325328640732
0.0148891399664915
0.0148459349921264
0.0148029168629167
0.0147600845084807
0.0147174368660512
0.0146749728804108
0.0146326915038282
0.0145905916959947
0.0145486724239613
0.0145069326620774
0.0144653713919283
0.0144239876022753
0.0143827802889948
0.0143417484550188
0.0143008911102759
0.0142602072716326
0.0142196959628354
0.0141793562144535
0.0141391870638218
0.0140991875549847
0.0140593567386404
0.0140196936720855
0.0139801974191603
0.0139408670501951
0.0139017016419558
0.0138627002775915
0.0138238620465814
0.0137851860446829
0.0137466713738799
0.0137083171423317
0.0136701224643225
0.0136320864602109
0.0135942082563804
0.0135564869851905
0.0135189217849274
0.013481511799756
0.0134442561796722
0.0134071540804551
0.0133702046636206
0.0133334070963745
0.0132967605515667
0.0132602642076453
0.0132239172486118
0.013187718863976
0.0131516682487117
0.0131157646032129
0.0130800071332502
0.0130443950499275
0.0130089275696398
0.0129736039140301
0.0129384233099483
0.0129033849894088
0.0128684881895502
0.0128337321525939
0.0127991161258038
0.0127646393614467
0.012730301116752
0.0126961006538729
0.012662037239847
0.0126281101465585
0.012594318650699
0.0125606620337303
0.0125271395818466
0.0124937505859375
0.0124604943415509
0.0124273701488567
0.0123943773126104
0.0123615151421176
0.012328782951198
0.0122961800581506
0.0122637057857188
0.0122313594610553
0.0121991404156887
0.0121670479854886
0.0121350815106328
0.0121032403355733
0.0120715238090039
0.0120399312838268
0.0120084621171205
0.0119771156701076
0.0119458913081229
0.0119147884005819
0.0118838063209492
0.0118529444467078
0.0118222021593282
0.0117915788442379
0.0117610738907913
0.0117306866922394
0.0117004166457007
0.0116702631521314
0.0116402256162961
0.0116103034467394
0.0115804960557568
0.0115508028593664
0.0115212232772811
0.0114917567328801
0.0114624026531818
0.0114331604688161
0.0114040296139972
0.0113750095264969
0.0113460996476177
0.0113172994221662
0.0112886082984273
0.0112600257281379
0.0112315511664611
0.0112031840719606
0.0111749239065756
0.0111467701355954
0.0111187222276349
0.0110907796546093
0.0110629418917102
0.0110352084173809
0.0110075787132929
0.0109800522643213
0.0109526285585218
0.0109253070871069
0.0108980873444228
0.0108709688279264
0.0108439510381622
0.01081703347874
0.0107902156563122
0.0107634970805516
0.0107368772641294
0.0107103557226929
0.0106839319748446
0.0106576055421199
0.0106313759489661
0.0106052427227213
0.0105792053935931
0.0105532634946383
0.0105274165617418
0.0105016641335964
0.0104760057516823
0.0104504409602473
0.0104249693062866
0.0103995903395231
0.0103743036123879
0.0103491086800007
0.0103240051001503
0.010298992433276
0.0102740702424483
0.0102492380933501
0.0102244955542582
0.0101998421960245
0.0101752775920579
0.0101508013183063
0.0101264129532379
0.0101021120778241
0.010077898275521
0.0100537711322524
0.010029730236392
0.0100057751787463
0.00998190555253724
0.00995812095338518
0.00993442097929217
0.00991080523062506
0.00988727331009896
0.00986382482276068
0.00984045937597245
0.00981717657939568
0.00979397604497489
0.00977085738692173
0.00974782022169919
0.00972486416800589
0.00970198884676054
0.00967919388108645
0.00965647889629625
0.0096338435198767
0.0096112873814736
0.00958881011287685
0.00956641134800563
0.00954409072289368
0.00952184787567472
0.00949968244656796
0.00947759407786373
0.0094555824139093
0.00943364710109468
0.00941178778783862
0.00939000412457473
0.00936829576373766
0.00934666235974943
0.00932510356900584
0.00930361904986302
0.00928220846262404
0.00926087146952568
0.00923960773472527
0.00921841692428764
0.00919729870617217
0.00917625275021997
0.00915527872814112
0.00913437631350201
0.00911354518171286
0.0090927850100152
0.00907209547746959
0.00905147626494332
0.0090309270550983
0.00901044753237896
0.00899003738300032
0.00896969629493611
0.00894942395790697
0.0089292200633688
0.00890908430450113
0.00888901637619563
0.00886901597504469
0.00884908279933011
0.00882921654901183
0.00880941692571677
0.00878968363272782
0.0087700163749728
0.00875041485901356
0.00873087879303523
0.0087114078868354
0.00869200185181357
0.00867266040096047
0.0086533832488477
0.00863417011161721
0.00861502070697106
0.00859593475416112
0.00857691197397891
0.00855795208874555
0.00853905482230168
0.00852021989999759
0.00850144704868329
0.00848273599669878
0.0084640864738643
0.0084454982114707
0.00842697094226989
0.00840850440046532
0.00839009832170256
0.00837175244305996
0.00835346650303938
0.00833524024155695
0.00831707339993394
0.00829896572088768
0.00828091694852257
0.00826292682832114
0.00824499510713515
0.00822712153317683
0.0082093058560101
0.00819154782654193
0.00817384719701371
0.00815620372099269
0.00813861715336356
0.00812108725031994
0.00810361376935612
0.00808619646925871
0.00806883511009839
0.0080515294532218
0.00803427926124338
0.00801708429803735
0.00799994432872968
0.00798285911969019
0.00796582843852469
0.0079488520540671
0.00793192973637176
0.00791506125670569
0.00789824638754096
0.00788148490254707
0.00786477657658347
0.00784812118569205
0.00783151850708968
0.00781496831916093
0.00779847040145066
0.00778202453465681
0.0077656305006232
0.00774928808233231
0.00773299706389825
0.00771675723055965
0.00770056836867267
0.00768443026570409
0.00766834271022433
0.00765230549190067
0.0076363184014904
0.0076203812308341
0.00760449377284888
0.00758865582152182
0.00757286717190325
0.00755712762010026
0.00754143696327018
0.00752579499961408
0.00751020152837036
0.0074946563498084
0.0074791592652222
0.0074637100769241
0.00744830858823857
0.00743295460349595
0.00741764792802638
0.00740238836815362
0.00738717573118902
0.00737200982542552
0.00735689046013161
0.00734181744554545
0.00732679059286895
0.00731180971426192
0.00729687462283627
0.00728198513265021
0.00726714105870256
0.00725234221692703
0.00723758842418658
0.00722287949826783
0.00720821525787543
0.00719359552262662
0.00717902011304565
0.00716448885055837
0.00715000155748681
0.00713555805704381
0.00712115817332765
0.00710680173131678
0.00709248855686451
0.00707821847669383
0.0070639913183922
0.00704980691040636
0.00703566508203727
0.00702156566343495
0.0070075084855935
0.00699349338034602
0.0069795201803597
0.00696558871913079
0.00695169883097976
0.00693785035104637
0.00692404311528487
0.00691027696045913
0.00689655172413793
