0.00681936139242212
0.00682915930231297
0.00683897805997068
0.00684881772360904
0.00685867835164112
0.00686856000268002
0.00687846273553979
0.00688838660923613
0.00689833168298723
0.0069082980162146
0.0069182856685439
0.0069282946998057
0.00693832517003639
0.00694837713947893
0.00695845066858372
0.00696854581800946
0.00697866264862394
0.00698880122150491
0.00699896159794094
0.00700914383943224
0.00701934800769154
0.00702957416464497
0.00703982237243284
0.00705009269341062
0.00706038519014972
0.00707069992543843
0.00708103696228275
0.00709139636390731
0.00710177819375622
0.00711218251549401
0.00712260939300648
0.00713305889040165
0.00714353107201058
0.0071540260023884
0.0071645437463151
0.00717508436879653
0.00718564793506528
0.00719623451058162
0.00720684416103443
0.00721747695234213
0.00722813295065362
0.00723881222234922
0.00724951483404159
0.00726024085257676
0.00727099034503499
0.00728176337873181
0.0072925600212189
0.00730338034028514
0.00731422440395754
0.00732509228050224
0.00733598403842547
0.00734689974647453
0.00735783947363881
0.00736880328915079
0.00737979126248699
0.00739080346336905
0.00740183996176466
0.00741290082788863
0.0074239861322039
0.00743509594542255
0.00744623033850684
0.00745738938267022
0.00746857314937842
0.00747978171035043
0.00749101513755959
0.00750227350323465
0.00751355687986078
0.0075248653401807
0.00753619895719565
0.0075475578041666
0.0075589419546152
0.00757035148232492
0.00758178646134214
0.00759324696597723
0.00760473307080568
0.00761624485066913
0.00762778238067655
0.00763934573620534
0.00765093499290242
0.00766255022668537
0.00767419151374357
0.00768585893053933
0.007697552553809
0.00770927246056417
0.00772101872809279
0.0077327914339603
0.00774459065601085
0.00775641647236842
0.00776826896143801
0.00778014820190684
0.00779205427274546
0.00780398725320905
0.00781594722283852
0.00782793426146174
0.00783994844919479
0.00785198986644307
0.00786405859390266
0.0078761547125614
0.0078882783037002
0.00790042944889428
0.00791260823001438
0.00792481472922799
0.00793704902900067
0.00794931121209723
0.00796160136158305
0.00797391956082534
0.00798626589349438
0.00799864044356486
0.00801104329531714
0.0080234745333385
0.00803593424252454
0.0080484225080804
0.00806093941552213
0.00807348505067794
0.00808605949968963
0.00809866284901383
0.00811129518542336
0.00812395659600861
0.00813664716817886
0.00814936698966364
0.00816211614851412
0.00817489473310443
0.00818770283213308
0.00820054053462435
0.00821340792992963
0.00822630510772887
0.00823923215803196
0.00825218917118013
0.00826517623784741
0.00827819344904198
0.0082912408961077
0.00830431867072545
0.00831742686491462
0.00833056557103459
0.00834373488178613
0.00835693489021289
0.0083701656897029
0.00838342737399002
0.0083967200371554
0.00841004377362905
0.00842339867819127
0.00843678484597418
0.00845020237246327
0.00846365135349886
0.0084771318852777
0.00849064406435443
0.00850418798764318
0.00851776375241913
0.00853137145632002
0.00854501119734777
0.00855868307387
0.00857238718462167
0.00858612362870663
0.00859989250559923
0.00861369391514595
0.00862752795756693
0.00864139473345772
0.00865529434379081
0.00866922688991729
0.0086831924735685
0.0086971911968577
0.00871122316228172
0.00872528847272259
0.00873938723144928
0.00875351954211936
0.00876768550878065
0.00878188523587302
0.00879611882822998
0.00881038639108049
0.00882468803005066
0.00883902385116546
0.0088533939608505
0.00886779846593374
0.00888223747364731
0.0088967110916292
0.00891121942792511
0.00892576259099022
0.0089403406896909
0.00895495383330668
0.00896960213153189
0.0089842856944776
0.00899900463267341
0.00901375905706923
0.00902854907903727
0.00904337481037374
0.00905823636330081
0.0090731338504685
0.00908806738495646
0.00910303708027598
0.0091180430503718
0.00913308540962412
0.00914816427285043
0.00916327975530747
0.00917843197269321
0.00919362104114873
0.00920884707726024
0.00922411019806102
0.0092394105210334
0.00925474816411074
0.00927012324567948
0.00928553588458107
0.00930098620011403
0.009316474312036
0.00933200034056571
0.00934756440638509
0.00936316663064133
0.00937880713494888
0.00939448604139158
0.00941020347252478
0.00942595955137734
0.00944175440145384
0.00945758814673664
0.00947346091168804
0.00948937282125237
0.00950532400085821
0.0095213145764205
0.00953734467434276
0.0095534144215192
0.00956952394533697
0.00958567337367836
0.00960186283492302
0.00961809245795012
0.00963436237214068
0.00965067270737976
0.00966702359405874
0.00968341516307759
0.00969984754584715
0.00971632087429139
0.00973283528084977
0.00974939089847954
0.00976598786065803
0.00978262630138503
0.00979930635518512
0.00981602815711004
0.00983279184274108
0.00984959754819141
0.00986644541010853
0.00988333556567668
0.00990026815261921
0.00991724330920108
0.00993426117423124
0.00995132188706514
0.00996842558760718
0.00998557241631317
0.0100027625141929
0.0100199960228124
0.010037273084297
0.0100545938413332
0.0100719584371716
0.0100893670156294
0.0101068197210931
0.0101243166985207
0.0101418580934445
0.0101594440519741
0.0101770747207982
0.010194750247188
0.0102124707789995
0.010230236464676
0.0102480474532511
0.0102659038943514
0.0102838059381989
0.0103017537356137
0.0103197474380173
0.0103377871974347
0.0103558731664973
0.010374005498446
0.0103921843471336
0.0104104098670277
0.0104286822132138
0.0104470015413975
0.010465368007908
0.0104837817697005
0.0105022429843594
0.0105207518101008
0.0105393084057758
0.0105579129308731
0.0105765655455221
0.0105952664104957
0.0106140156872135
0.0106328135377443
0.0106516601248097
0.0106705556117867
0.0106895001627106
0.0107084939422784
0.0107275371158517
0.0107466298494597
0.0107657723098022
0.0107849646642528
0.0108042070808621
0.0108234997283607
0.0108428427761623
0.0108622363943668
0.0108816807537638
0.0109011760258354
0.0109207223827595
0.0109403199974132
0.0109599690433759
0.0109796696949325
0.0109994221270766
0.0110192265155141
0.0110390830366661
0.0110589918676725
0.0110789531863953
0.0110989671714216
0.0111190340020676
0.0111391538583814
0.0111593269211467
0.011179553371886
0.0111998333928644
0.0112201671670926
0.0112405548783306
0.0112609967110913
0.0112814928506438
0.011302043483017
0.0113226487950029
0.0113433089741608
0.01136402420882
0.0113847946880842
0.0114056206018344
0.0114265021407332
0.0114474394962279
0.0114684328605544
0.0114894824267409
0.0115105883886116
0.0115317509407902
0.011552970278704
0.0115742465985875
0.0115955800974858
0.0116169709732591
0.0116384194245859
0.0116599256509673
0.0116814898527305
0.0117031122310327
0.0117247929878653
0.0117465323260574
0.0117683304492801
0.0117901875620501
0.011812103869734
0.0118340795785519
0.011856114895582
0.0118782100287639
0.0119003651869033
0.0119225805796755
0.0119448564176301
0.0119671929121945
0.0119895902756784
0.012012048721278
0.01203456846308
0.0120571497160655
0.012079792696115
0.0121024976200119
0.0121252647054473
0.0121480941710236
0.0121709862362596
0.0121939411215942
0.0122169590483912
0.0122400402389433
0.0122631849164766
0.012286393305155
0.0123096656300849
0.0123330021173192
0.0123564029938622
0.0123798684876736
0.0124033988276736
0.012426994243747
0.012450654966748
0.0124743812285047
0.0124981732618237
0.0125220313004947
0.0125459555792955
0.012569946333996
0.0125940038013635
0.0126181282191674
0.0126423198261834
0.012666578862199
0.0126909055680179
0.0127153001854647
0.01273976295739
0.0127642941276754
0.012788893941238
0.0128135626440355
0.0128383004830714
0.0128631077063994
0.0128879845631291
0.0129129313034304
0.0129379481785388
0.0129630354407606
0.0129881933434777
0.0130134221411532
0.0130387220893358
0.0130640934446657
0.0130895364648795
0.0131150514088152
0.013140638536418
0.0131662981087449
0.0131920303879707
0.0132178356373928
0.0132437141214367
0.0132696661056615
0.0132956918567652
0.0133217916425903
0.0133479657321289
0.0133742143955286
0.0134005379040978
0.0134269365303112
0.0134534105478155
0.013479960231435
0.0135065858571772
0.0135332877022384
0.0135600660450093
0.0135869211650811
0.0136138533432506
0.0136408628615268
0.013667950003136
0.0136951150525277
0.0137223582953809
0.0137496800186095
0.0137770805103686
0.0138045600600602
0.0138321189583391
0.0138597574971192
0.0138874759695792
0.0139152746701691
0.0139431538946155
0.0139711139399289
0.0139991551044085
0.0140272776876496
0.014055481990549
0.0140837683153115
0.0141121369654563
0.0141405882458231
0.0141691224625785
0.0141977399232225
0.0142264409365947
0.0142552258128808
0.0142840948636191
0.0143130484017068
0.0143420867414069
0.0143712101983544
0.0144004190895631
0.0144297137334319
0.014459094449752
0.014488561559713
0.0145181153859101
0.0145477562523504
0.01457748448446
0.0146073004090908
0.0146372043545273
0.0146671966504931
0.0146972776281585
0.014727447620147
0.0147577069605424
0.0147880559848958
0.0148184950302325
0.0148490244350594
0.0148796445393718
0.014910355684661
0.0149411582139206
0.014972052471655
0.0150030388038853
0.0150341175581576
0.0150652890835499
0.0150965537306796
0.0151279118517105
0.0151593638003609
0.0151909099319105
0.0152225506032081
0.0152542861726793
0.0152861170003338
0.0153180434477731
0.0153500658781982
0.0153821846564174
0.0154144001488535
0.0154467127235523
0.0154791227501898
0.0155116306000803
0.0155442366461842
0.0155769412631159
0.0156097448271517
0.015642647716238
0.0156756503099989
0.0157087529897445
0.0157419561384793
0.0157752601409095
0.0158086653834521
0.0158421722542425
0.0158757811431429
0.0159094924417506
0.0159433065434064
0.0159772238432028
0.0160112447379924
0.0160453696263966
0.0160795989088137
0.0161139329874277
0.0161483722662168
0.0161829171509617
0.0162175680492548
0.0162523253705084
0.0162871895259634
0.0163221609286986
0.0163572399936387
0.0163924271375637
0.0164277227791179
0.0164631273388181
0.0164986412390631
0.0165342649041428
0.0165699987602468
0.0166058432354737
0.0166417987598404
0.0166778657652908
0.0167140446857056
0.0167503359569109
0.016786740016688
0.0168232573047824
0.0168598882629136
0.0168966333347837
0.0169334929660878
0.016970467604523
0.0170075576997977
0.0170447637036417
0.0170820860698156
0.0171195252541205
0.0171570817144074
0.0171947559105874
0.0172325483046415
0.0172704593606298
0.0173084895447022
0.0173466393251078
0.0173849091722049
0.0174232995584713
0.017461810958514
0.0175004438490797
0.0175391987090645
0.0175780760195243
0.0176170762636851
0.0176561999269532
0.0176954474969254
0.0177348194633996
0.0177743163183849
0.0178139385561123
0.0178536866730452
0.0178935611678896
0.0179335625416052
0.0179736912974156
0.0180139479408191
0.0180543329795996
0.018094846923837
0.0181354902859184
0.0181762635805485
0.018217167324761
0.0182582020379292
0.0182993682417771
0.0183406664603903
0.0183820972202273
0.0184236610501305
0.0184653584813373
0.0185071900474914
0.0185491562846542
0.0185912577313158
0.0186334949284064
0.018675868419308
0.0187183787498656
0.0187610264683985
0.0188038121257123
0.0188467362751102
0.0188897994724044
0.0189330022759283
0.0189763452465479
0.0190198289476733
0.0190634539452712
0.0191072208078762
0.0191511301066026
0.0191951824151568
0.0192393783098493
0.0192837183696061
0.0193282031759814
0.0193728333131696
0.0194176093680172
0.0194625319300352
0.0195076015914117
0.0195528189470235
0.0195981845944491
0.0196436991339806
0.0196893631686366
0.0197351773041745
0.0197811421491027
0.0198272583146939
0.019873526414997
0.0199199470668502
0.0199665208898939
0.0200132485065827
0.020060130542199
0.0201071676248654
0.020154360385558
0.0202017094581188
0.0202492154792691
0.0202968790886223
0.0203447009286973
0.0203926816449313
0.0204408218856931
0.0204891223022962
0.0205375835490123
0.0205862062830843
0.02063499116474
0.020683938857205
0.0207330500267167
0.0207823253425373
0.0208317654769675
0.0208813711053602
0.0209311429061339
0.0209810815607864
0.0210311877539085
0.0210814621731979
0.0211319055094726
0.021182518456685
0.0212333017119358
0.0212842559754876
0.0213353819507794
0.0213866803444398
0.0214381518663016
0.021489797229416
0.0215416171500659
0.0215936123477809
0.0216457835453513
0.0216981314688418
0.0217506568476063
0.0218033604143022
0.0218562429049045
0.0219093050587202
0.021962547618403
0.0220159713299673
0.0220695769428033
0.0221233652096908
0.0221773368868147
0.0222314927337785
0.02228583351362
0.0223403599928253
0.0223950729413438
0.0224499731326029
0.0225050613435227
0.022560338354531
0.0226158049495779
0.0226714619161512
0.0227273100452905
0.0227833501316031
0.0228395829732782
0.0228960093721025
0.0229526301334748
0.0230094460664214
0.0230664579836112
0.0231236667013705
0.0231810730396988
0.0232386778222833
0.0232964818765148
0.0233544860335024
0.0234126911280891
0.0234710979988672
0.0235297074881933
0.023588520442204
0.0236475377108312
0.0237067601478174
0.0237661886107313
0.0238258239609832
0.0238856670638406
0.0239457187884434
0.0240059800078199
0.0240664515989021
0.024127134442541
0.024188029423523
0.0242491374305845
0.0243104593564285
0.0243719960977395
0.0244337485551997
0.0244957176335042
0.0245579042413773
0.0246203092915877
0.0246829337009645
0.0247457783904127
0.0248088442849294
0.024872132313619
0.0249356434097096
0.0249993785105681
0.0250633385577166
0.025127524496848
0.0251919372778416
0.0252565778547792
0.0253214471859608
0.0253865462339205
0.0254518759654422
0.0255174373515755
0.0255832313676518
0.0256492589932995
0.0257155212124605
0.0257820190134057
0.0258487533887508
0.0259157253354722
0.0259829358549231
0.0260503859528488
0.0261180766394027
0.0261860089291625
0.0262541838411452
0.0263226023988237
0.0263912656301421
0.0264601745675314
0.0265293302479255
0.026598733712777
0.0266683860080725
0.0267382881843485
0.0268084412967073
0.0268788464048323
0.0269495045730037
0.0270204168701143
0.027091584369685
0.0271630081498802
0.0272346892935234
0.0273066288881129
0.0273788280258369
0.0274512878035895
0.0275240093229851
0.0275969936903751
0.0276702420168621
0.0277437554183157
0.0278175350153878
0.0278915819335276
0.0279658973029969
0.028040482258885
0.0281153379411243
0.0281904654945048
0.0282658660686891
0.0283415408182277
0.0284174909025738
0.0284937174860977
0.028570221738102
0.0286470048328361
0.0287240679495111
0.028801412272314
0.0288790389904225
0.0289569492980191
0.0290351443943063
0.0291136254835198
0.0291923937749437
0.029271450482924
0.0293507968268832
0.0294304340313339
0.0295103633258931
0.0295905859452958
0.0296711031294088
0.0297519161232444
0.0298330261769741
0.0299144345459422
0.0299961424906787
0.0300781512769131
0.0301604621755876
0.0302430764628699
0.0303259954201666
0.0304092203341357
0.0304927524966997
0.0305765932050584
0.0306607437617012
0.0307452054744194
0.0308299796563192
0.0309150676258335
0.0310004707067339
0.031086190228143
0.031172227524546
0.0312585839358028
0.031345260807159
0.031432259489258
0.0315195813381519
0.031607227715313
0.0316951999876444
0.0317834995274914
0.031872127712652
0.0319610859263874
0.0320503755574326
0.0321399980000069
0.0322299546538233
0.0323202469240994
0.0324108762215666
0.0325018439624797
0.0325931515686267
0.0326848004673379
0.032776792091495
0.0328691278795401
0.0329618092754843
0.0330548377289162
0.0331482146950107
0.0332419416345367
0.0333360200138651
0.0334304513049769
0.0335252369854704
0.033620378538569
0.0337158774531278
0.0338117352236408
0.0339079533502477
0.0340045333387405
0.0341014767005693
0.0341987849528489
0.034296459618364
0.0343945022255755
0.0344929143086254
0.0345916974073418
0.0346908530672441
0.0347903828395473
0.0348902882811666
0.0349905709547215
0.0350912324285392
0.0351922742766588
0.0352936980788342
0.0353955054205372
0.0354976978929603
0.0356002770930193
0.0357032446233552
0.0358066020923363
0.0359103511140601
0.036014493308354
0.0361190303007767
0.036223963722619
0.0363292952109041
0.0364350264083876
0.0365411589635574
0.0366476945306332
0.0367546347695658
0.0368619813460354
0.0369697359314507
0.0370779002029467
0.0371864758433826
0.0372954645413392
0.0374048679911164
0.0375146878927293
0.0376249259519051
0.0377355838800794
0.037846663394391
0.0379581662176781
0.0380700940784728
0.038182448710996
0.0382952318551509
0.0384084452565177
0.0385220906663465
0.0386361698415501
0.0387506845446973
0.0388656365440045
0.0389810276133276
0.0390968595321539
0.0392131340855922
0.0393298530643641
0.0394470182647937
0.0395646314887976
0.0396826945438737
0.0398012092430907
0.0399201774050755
0.0400396008540022
0.0401594814195787
0.0402798209370342
0.0404006212471055
0.0405218841960232
0.0406436116354974
0.0407658054227023
0.0408884674202616
0.0410115994962323
0.041135203524088
0.0412592813827028
0.0413838349563334
0.0415088661346016
0.0416343768124757
0.0417603688902519
0.0418868442735348
0.0420138048732174
0.042141252605461
0.0422691893916739
0.0423976171584901
0.0425265378377473
0.0426559533664642
0.0427858656868174
0.0429162767461179
0.0430471884967867
0.04317860289633
0.043310521907314
0.0434429474973386
0.0435758816390115
0.0437093263099204
0.043843283492606
0.0439777551745332
0.0441127433480626
0.0442482500104208
0.0443842771636704
0.0445208268146797
0.0446579009750908
0.0447955016612884
0.0449336308943665
0.0450722907000961
0.045211483108891
0.0453512101557734
0.045491473880339
0.0456322763267215
0.045773619543556
0.0459155055839421
0.0460579365054068
0.0462009143698654
0.0463444412435836
0.0464885191971369
0.0466331503053713
0.0467783366473619
0.0469240803063713
0.0470703833698079
0.0472172479291821
0.0473646760800637
0.0475126699220369
0.0476612315586556
0.0478103630973976
0.0479600666496186
0.0481103443305049
0.0482611982590253
0.0484126305578837
0.0485646433534686
0.0487172387758044
0.0488704189584999
0.049024186038698
0.0491785421570225
0.0493334894575266
0.0494890300876386
0.0496451661981079
0.0498018999429507
0.0499592334793933
0.050117168967817
0.0502757085716998
0.0504348544575597
0.0505946087948952
0.0507549737561269
0.0509159515165368
0.0510775442542078
0.0512397541499622
0.0514025833872995
0.0515660341523335
0.0517301086337282
0.0518948090226338
0.0520601375126213
0.0522260962996164
0.0523926875818328
0.0525599135597052
0.0527277764358204
0.0528962784148492
0.0530654217034758
0.0532352085103277
0.0534056410459052
0.0535767215225082
0.0537484521541645
0.053920835156556
0.0540938727469447
0.0542675671440972
0.0544419205682101
0.0546169352408326
0.0547926133847899
0.054968957224105
0.0551459689839203
0.0553236508904183
0.0555020051707411
0.0556810340529102
0.0558607397657443
0.0560411245387773
0.0562221906021754
0.0564039401866531
0.0565863755233891
0.0567694988439406
0.0569533123801578
0.0571378183640972
0.0573230190279344
0.0575089166038758
0.0576955133240699
0.0578828114205182
0.0580708131249848
0.0582595206689056
0.058448936283297
0.0586390621986636
0.0588299006449052
0.0590214538512236
0.0592137240460281
0.0594067134568407
0.0596004243102009
0.0597948588315692
0.0599900192452303
0.0601859077741959
0.0603825266401063
0.0605798780631321
0.0607779642618743
0.0609767874532649
0.0611763498524662
0.0613766536727693
0.061577701125493
0.0617794944198806
0.0619820357629981
0.0621853273596294
0.0623893714121734
0.0625941701205387
0.0627997256820389
0.0630060402912863
0.0632131161400865
0.0634209554173307
0.0636295603088894
0.0638389329975037
0.0640490756626777
0.0642599904805697
0.0644716796238825
0.0646841452617542
0.0648973895596477
0.0651114146792405
0.0653262227783131
0.065541816010638
0.0657581965258677
0.0659753664694223
0.066193327982377
0.0664120832013489
0.0666316342583836
0.0668519832808413
0.0670731323912829
0.0672950837073554
0.067517839341677
0.0677414014017221
0.067965771989706
0.0681909532024688
0.0684169471313598
0.0686437558621212
0.0688713814747712
0.0690998260434881
0.0693290916364925
0.0695591803159307
0.0697900941377571
0.0700218351516165
0.0702544054007269
0.0704878069217611
0.0707220417447292
0.07095711189286
0.071193019382483
0.0714297662229102
0.0716673544163172
0.0719057859576256
0.0721450628343832
0.0723851870266467
0.0726261605068623
0.0728679852397473
0.0731106631821717
0.0733541962830394
0.0735985864831696
0.0738438357151788
0.0740899459033616
0.0743369189635733
0.074584756803111
0.0748334613205958
0.0750830344058549
0.0753334779398035
0.0755847937943275
0.0758369838321659
0.0760900499067934
0.0763439938623039
0.0765988175332929
0.0768545227447417
0.0771111113119008
0.0773685850401738
0.0776269457250019
0.0778861951517486
0.0781463350955844
0.0784073673213725
0.0786692935835542
0.0789321156260347
0.0791958351820707
0.0794604539741559
0.0797259737139094
0.0799923961019628
0.0802597228278491
0.0805279555698913
0.080797095995091
0.0810671457590192
0.0813381065057062
0.0816099798675326
0.08188276746512
0.0821564709072248
0.0824310917906292
0.0827066317000354
0.0829830922079594
0.0832604748746254
0.0835387812478615
0.0838180128629953
0.084098171242751
0.0843792578971466
0.0846612743233918
0.0849442220057877
0.0852281024156261
0.0855129170110899
0.0857986672371546
0.0860853545254903
0.0863729802943653
0.0866615459485492
0.0869510528792183
0.0872415024638605
0.0875328960661828
0.087825235036018
0.0881185207092332
0.08841275440764
0.0887079374389037
0.0890040710964551
0.0893011566594032
0.0895991953924481
0.0898981885457952
0.0901981373550714
0.0904990430412407
0.0908009068105223
0.0911037298543089
0.0914075133490867
0.0917122584563563
0.0920179663225541
0.0923246380789763
0.0926322748417023
0.0929408777115208
0.0932504477738561
0.0935609860986961
0.0938724937405208
0.0941849717382333
0.0944984211150905
0.0948128428786367
0.0951282380206364
0.0954446075170105
0.0957619523277721
0.0960802733969649
0.0963995716526016
0.0967198480066047
0.0970411033547481
0.0973633385765999
0.0976865545354668
0.0980107520783404
0.0983359320358428
0.0986620952221766
0.0989892424350734
0.0993173744557458
0.0996464920488395
0.0999765959623869
0.100307686927763
0.100639765659642
0.100972832855955
0.101306889197849
0.101641935349652
0.101977971958828
0.102314999655946
0.102653019054646
0.102992030751603
0.103332035326494
0.103673033341974
0.104015025343638
0.104358011860002
0.104701993402473
0.105046970465321
0.105392943525666
0.105739913043446
0.106087879461402
0.10643684320506
0.106786804682711
0.107137764285397
0.107489722386899
0.107842679343719
0.108196635495074
0.108551591162884
0.108907546651764
0.109264502249017
0.10962245822463
0.109981414831269
0.110341372304277
0.110702330861674
0.111064290704158
0.111427252015104
0.111791214960573
0.112156179689312
0.112522146332765
0.112889115005078
0.113257085803108
0.113626058806439
0.113996034077389
0.114367011661025
0.114738991585183
0.115111973860477
0.115485958480325
0.115860945420964
0.116236934641471
0.116613926083789
0.116991919672749
0.117370915316093
0.117750912904506
0.118131912311638
0.118513913394139
0.118896915991687
0.119280919927022
0.119665925005977
0.120051931017516
0.120438937733769
0.120826944910069
0.121215952284992
0.121605959580399
0.121996966501473
0.122388972736768
0.122781977958247
0.123175981821332
0.123570983964952
0.123966984011584
0.12436398156731
0.124761976221864
0.125160967548683
0.125560955104964
0.125961938431712
0.126363917053801
0.126766890480028
0.127170858203171
0.12757581970005
0.127981774431582
0.128388721842847
0.12879666136315
0.12920559240608
0.12961551436958
0.130026426636011
0.130438328572214
0.130851219529584
0.131265098844138
0.13167996583658
0.132095819812375
0.132512660061823
0.132930485860127
0.133349296467469
0.133769091129087
0.134189869075347
0.134611629521819
0.13503437166936
0.135458094704186
0.135882797797955
0.136308480107846
0.13673514077664
0.137162778932801
0.13759139369056
0.138020984149998
0.138451549397131
0.138883088503992
0.139315600528719
0.139749084515644
0.140183539495373
0.140618964484883
0.141055358487603
0.141492720493508
0.141931049479206
0.142370344408032
0.142810604230135
0.143251827882573
0.143694014289407
0.144137162361787
0.144581270998056
0.145026339083835
0.145472365492123
0.145919349083391
0.146367288705675
0.146816183194679
0.147266031373866
0.147716832054555
0.148168584036024
0.148621286105603
0.149074937038774
0.149529535599273
0.149985080539185
0.150441570599044
0.150899004507938
0.151357380983603
0.151816698732529
0.152276956450058
0.152738152820486
0.153200286517167
0.15366335620261
0.154127360528586
0.154592298136229
0.155058167656136
0.155524967708475
0.155992696903082
0.156461353839571
0.15693093710743
0.157401445286133
0.157872876945234
0.158345230644481
0.158818504933911
0.159292698353961
0.159767809435566
0.16024383670027
0.160720778660324
0.161198633818794
0.161677400669664
0.162157077697941
0.162637663379759
0.163119156182483
0.163601554564814
0.164084856976895
0.16456906186041
0.165054167648694
0.165540172766835
0.166027075631775
0.16651487465242
0.16700356822974
0.167493154756873
0.167983632619228
0.168475000194591
0.168967255853228
0.169460397957985
0.169954424864394
0.170449334920775
0.17094512646834
0.17144179784129
0.171939347366927
0.172437773365745
0.172937074151541
0.17343724803151
0.173938293306351
0.174440208270364
0.174942991211553
0.175446640411727
0.175951154146598
0.176456530685883
0.176962768293403
0.177469865227179
0.177977819739538
0.178486630077204
0.178996294481401
0.17950681118795
0.180018178427363
0.180530394424947
0.181043457400894
0.181557365570382
0.182072117143667
0.182587710326185
0.183104143318638
0.183621414317097
0.184139521513093
0.184658463093709
0.18517823724168
0.185698842135477
0.186220275949407
0.186742536853701
0.18726562301461
0.187789532594491
0.188314263751901
0.188839814641688
0.189366183415076
0.189893368219763
0.190421367200001
0.190950178496688
0.191479800247459
0.192010230586769
0.192541467645979
0.193073509553448
0.193606354434614
0.19414000041208
0.194674445605702
0.195209688132669
0.195745726107589
0.196282557642571
0.196820180847312
0.19735859382917
0.197897794693257
0.198437781542511
0.198978552477779
0.1995201055979
0.200062438999781
0.200605550778477
0.201149439027269
0.201694101837742
0.20223953729986
0.202785743502048
0.203332718531262
0.203880460473066
0.204428967411711
0.204978237430201
0.205528268610377
0.206079059032981
0.206630606777733
0.207182909923402
0.207735966547879
0.208289774728244
0.208844332540839
0.209399638061337
0.209955689364813
0.210512484525808
0.2110700216184
0.211628298716271
0.212187313892772
0.21274706522099
0.213307550773817
0.213868768624007
0.214430716844249
0.214993393507222
0.215556796685669
0.216120924452447
0.216685774880598
0.217251346043408
0.217817636014468
0.21838464286773
0.218952364677574
0.219520799518861
0.220089945466993
0.220659800597974
0.221230362988462
0.221801630715829
0.222373601858218
0.222946274494595
0.223519646704808
0.224093716569635
0.224668482170847
0.225243941591254
0.225820092914759
0.226396934226413
0.226974463612463
0.227552679160405
0.228131578959033
0.228711161098491
0.229291423670319
0.229872364767505
0.230453982484531
0.23103627491742
0.231619240163788
0.232202876322882
0.232787181495632
0.233372153784697
0.233957791294504
0.2345440921313
0.235131054403189
0.235718676220179
0.236306955694222
0.23689589093926
0.237485480071262
0.23807572120827
0.238666612470434
0.239258151980055
0.239850337861626
0.240443168241869
0.241036641249774
0.241630755016633
0.242225507676086
0.242820897364151
0.243416922219261
0.244013580382304
0.244610869996653
0.245208789208205
0.245807336165414
0.246406509019325
0.247006305923607
0.247606725034587
0.24820776451128
0.248809422515424
0.249411697211513
0.250014586766819
0.250618089351434
0.251222203138294
0.25182692630321
0.252432257024895
0.253038193484994
0.253644733868116
0.254251876361857
0.254859619156828
0.255467960446684
0.25607689842815
0.256686431301044
0.257296557268308
0.257907274536028
0.258518581313461
0.25913047581306
0.259742956250499
0.260356020844689
0.260969667817812
0.261583895395336
0.26219870180604
0.262814085282036
0.263430044058787
0.264046576375134
0.264663680473311
0.26528135459897
0.265899597001196
0.26651840593253
0.267137779648987
0.267757716410076
0.268378214478812
0.268999272121746
0.269620887608968
0.270243059214138
0.270865785214493
0.271489063890868
0.272112893527709
0.272737272413094
0.273362198838742
0.273987671100034
0.274613687496022
0.275240246329448
0.275867345906758
0.276494984538109
0.277123160537392
0.277751872222238
0.278381117914033
0.279010895937931
0.279641204622866
0.28027204230156
0.280903407310542
0.281535297990152
0.282167712684554
0.282800649741749
0.28343410751358
0.284068084355748
0.284702578627818
0.285337588693227
0.285973112919296
0.286609149677238
0.287245697342166
0.2878827542931
0.288520318912977
0.289158389588657
0.289796964710932
0.29043604267453
0.291075621878127
0.291715700724347
0.292356277619773
0.292997350974951
0.293638919204397
0.294280980726602
0.294923533964035
0.295566577343153
0.2962101092944
0.296854128252216
0.297498632655039
0.298143620945309
0.298789091569474
0.29943504297799
0.300081473625327
0.300728381969972
0.30137576647443
0.30202362560523
0.302671957832922
0.303320761632086
0.303970035481329
0.304619777863289
0.305269987264636
0.305920662176072
0.306571801092336
0.307223402512201
0.307875464938477
0.308527986878011
0.309180966841687
0.309834403344429
0.310488294905194
0.311142640046983
0.311797437296826
0.312452685185798
0.313108382249005
0.313764527025589
0.314421118058728
0.31507815389563
0.315735633087535
0.316393554189715
0.317051915761469
0.317710716366121
0.318369954571022
0.319029628947541
0.319689738071072
0.320350280521022
0.321011254880813
0.321672659737881
0.322334493683668
0.322996755313622
0.323659443227198
0.32432255602784
0.324986092322999
0.325650050724109
0.326314429846595
0.326979228309868
0.327644444737316
0.328310077756303
0.328976125998165
0.329642588098206
0.330309462695689
0.330976748433838
0.331644443959829
0.332312547924783
0.332981058983769
0.333649975795787
0.334319297023775
0.334989021334593
0.335659147399027
0.336329673891775
0.337000599491447
0.337671922880556
0.338343642745514
0.339015757776624
0.339688266668076
0.340361168117938
0.341034460828153
0.341708143504531
0.342382214856743
0.34305667359831
0.343731518446604
0.344406748122836
0.345082361352049
0.345758356863113
0.346434733388721
0.347111489665372
0.347788624433373
0.34846613643683
0.349144024423635
0.349822287145468
0.35050092335778
0.351179931819791
0.351859311294482
0.352539060548583
0.353219178352572
0.353899663480663
0.354580514710793
0.355261730824627
0.355943310607537
0.3566252528486
0.357307556340592
0.357990219879972
0.358673242266881
0.35935662230513
0.360040358802192
0.360724450569194
0.361408896420909
0.362093695175744
0.362778845655739
0.363464346686545
0.36415019709743
0.364836395721263
0.3655229413945
0.366209832957188
0.366897069252942
0.367584649128947
0.368272571435943
0.368960835028215
0.36964943876359
0.370338381503423
0.371027662112585
0.37171727945946
0.372407232415936
0.373097519857387
0.373788140662671
0.374479093714122
0.375170377897533
0.375861992102153
0.376553935220674
0.377246206149222
0.377938803787352
0.378631727038029
0.379324974807627
0.380018546005913
0.380712439546043
0.381406654344549
0.382101189321327
0.382796043399633
0.383491215506067
0.384186704570569
0.384882509526403
0.385578629310153
0.386275062861709
0.386971809124257
0.387668867044271
0.388366235571504
0.389063913658975
0.389761900262959
0.390460194342981
0.391158794861799
0.391857700785402
0.392556911082995
0.393256424726986
0.393956240692983
0.39465635795978
0.395356775509348
0.396057492326821
0.396758507400492
0.397459819721797
0.398161428285308
0.398863332088726
0.399565530132859
0.400268021421627
0.400970804962041
0.401673879764195
0.402377244841259
0.403080899209467
0.403784841888103
0.404489071899498
0.405193588269011
0.405898390025026
0.40660347619894
0.407308845825148
0.40801449794104
0.408720431586983
0.409426645806319
0.410133139645348
0.410839912153318
0.41154696238242
0.412254289387772
0.412961892227411
0.413669769962284
0.414377921656234
0.415086346375994
0.41579504319117
0.416504011174242
0.417213249400542
0.417922756948249
0.418632532898377
0.419342576334769
0.420052886344081
0.420763462015775
0.421474302442105
0.422185406718113
0.422896773941613
0.423608403213182
0.424320293636153
0.425032444316602
0.425744854363331
0.426457522887873
0.427170449004468
0.427883631830063
0.428597070484289
0.429310764089464
0.430024711770575
0.430738912655271
0.43145336587385
0.432168070559249
0.432883025847038
0.433598230875405
0.434313684785149
0.435029386719666
0.435745335824942
0.436461531249542
0.4371779721446
0.437894657663808
0.438611586963408
0.439328759202176
0.44004617354142
0.440763829144964
0.441481725179142
0.44219986081278
0.4429182352172
0.443636847566194
0.444355697036023
0.445074782805408
0.445794104055515
0.446513659969946
0.447233449734734
0.447953472538323
0.448673727571569
0.449394214027724
0.450114931102427
0.450835877993691
0.451557053901899
0.452278458029792
0.453000089582455
0.453721947767313
0.454444031794114
0.45516634087493
0.455888874224133
0.456611631058402
0.457334610596691
0.458057812060243
0.458781234672565
0.45950487765942
0.460228740248824
0.460952821671026
0.46167712115851
0.462401637945973
0.463126371270325
0.463851320370675
0.464576484488321
0.46530186286674
0.466027454751583
0.466753259390658
0.467479276033924
0.468205503933485
0.468931942343573
0.469658590520545
0.470385447722866
0.471112513211109
0.471839786247936
0.472567266098095
0.473294952028409
0.474022843307763
0.474750939207098
0.475479238999401
0.476207741959695
0.476936447365028
0.477665354494468
0.478394462629089
0.479123771051962
0.479853279048148
0.480582985904687
0.48131289091059
0.482042993356826
0.482773292536318
0.483503787743929
0.484234478276455
0.484965363432616
0.485696442513044
0.486427714820277
0.487159179658748
0.487890836334773
0.488622684156552
0.489354722434144
0.490086950479472
0.490819367606307
0.491551973130257
0.492284766368764
0.493017746641091
0.493750913268311
0.494484265573303
0.495217802880738
0.495951524517074
0.496685429810541
0.497419518091141
0.49815378869063
0.498888240942514
0.499622874182039
0.500357687746178
0.501092680973633
0.501827853204811
0.502563203781827
0.503298732048487
0.504034437350286
0.504770319034393
0.505506376449649
0.506242608946548
0.506979015877238
0.507715596595506
0.50845235045677
0.509189276818076
0.50992637503808
0.510663644477043
0.511401084496824
0.512138694460873
0.512876473734215
0.513614421683444
0.51435253767672
0.51509082108375
0.515829271275792
0.516567887625629
0.517306669507583
0.518045616297483
0.518784727372671
0.519524002111989
0.52026343989577
0.52100304010583
0.521742802125459
0.522482725339414
0.523222809133902
0.52396305289659
0.52470345601657
0.525444017884377
0.526184737891963
0.526925615432692
0.527666649901336
0.528407840694061
0.529149187208421
0.529890688843353
0.530632344999158
0.531374155077504
0.532116118481412
0.532858234615244
0.533600502884701
0.534342922696816
0.535085493459933
0.535828214583711
0.536571085479114
0.537314105558396
0.538057274235097
0.538800590924033
0.53954405504129
0.540287666004214
0.5410314232314
0.54177532614269
0.542519374159155
0.543263566703095
0.544007903198032
0.544752383068685
0.545497005740987
0.546241770642053
0.546986677200191
0.547731724844875
0.548476913006753
0.549222241117628
0.549967708610452
0.550713314919326
0.551459059479474
0.552204941727253
0.552950961100132
0.55369711703669
0.554443408976606
0.555189836360651
0.555936398630675
0.556683095229606
0.557429925601437
0.558176889191219
0.558923985445055
0.559671213810083
0.560418573734481
0.561166064667445
0.561913686059189
0.562661437360938
0.563409318024912
0.564157327504319
0.564905465253358
0.565653730727194
0.566402123381962
0.567150642674753
0.567899288063605
0.568648059007499
0.569396954966349
0.570145975400991
0.570895119773172
0.571644387545553
0.572393778181688
0.573143291146025
0.573892925903892
0.57464268192149
0.575392558665884
0.576142555604997
0.576892672207599
0.577642907943298
0.578393262282536
0.579143734696576
0.579894324657494
0.580645031638173
0.581395855112296
0.582146794554328
0.582897849439518
0.583649019243889
0.584400303444223
0.585151701518059
0.585903212943682
0.586654837200111
0.587406573767103
0.588158422125127
0.588910381755365
0.589662452139708
0.590414632760734
0.591166923101715
0.591919322646596
0.592671830879991
0.593424447287175
0.594177171354075
0.594930002567265
0.595682940413944
0.596435984381946
0.597189133959716
0.59794238863631
0.598695747901387
0.599449211245184
0.60020277815854
0.600956448132849
0.601710220660077
0.602464095232747
0.603218071343929
0.603972148487225
0.604726326156775
0.60548060384723
0.606234981053762
0.606989457272035
0.607744031998213
0.608498704728947
0.609253474961354
0.610008342193028
0.610763305922013
0.611518365646804
0.612273520866336
0.613028771079974
0.613784115787502
0.614539554489117
0.615295086685422
0.616050711877411
0.616806429566457
0.617562239254317
0.61831814044311
0.61907413263531
0.619830215333741
0.620586388041564
0.621342650262264
0.62209900149965
0.622855441257842
0.623611969041255
0.624368584354595
0.62512528670285
0.625882075591284
0.626638950525416
0.627395911011017
0.628152956554108
0.628910086660937
0.629667300837969
0.630424598591895
0.631181979429603
0.631939442858173
0.632696988384868
0.633454615517125
0.634212323762551
0.634970112628899
0.635727981624069
0.636485930256093
0.637243958033127
0.638002064463437
0.0346209107692088
0.0345747553966118
0.0345287043120146
0.0344827571554901
0.0344369135688744
0.0343911731957553
0.0343455356814609
0.034300000673048
0.0342545678192914
0.0342092367706724
0.0341640071793677
0.0341188786992387
0.0340738509858206
0.0340289236963115
0.0339840964895617
0.0339393690260634
0.0338947409679397
0.0338502119789347
0.0338057817244028
0.0337614498712984
0.0337172160881663
0.0336730800451306
0.0336290414138858
0.033585099867686
0.0335412550813356
0.033497506731179
0.0334538544950915
0.0334102980524693
0.0333668370842199
0.0333234712727531
0.0332802003019709
0.0332370238572588
0.0331939416254763
0.0331509532949476
0.0331080585554528
0.0330652570982186
0.0330225486159096
0.032979932802619
0.0329374093538603
0.0328949779665582
0.0328526383390399
0.0328103901710269
0.0327682331636257
0.03272616701932
0.0326841914419623
0.0326423061367647
0.0326005108102918
0.0325588051704514
0.0325171889264872
0.0324756617889699
0.0324342234697901
0.0323928736821493
0.0323516121405529
0.0323104385608015
0.032269352659984
0.0322283541564692
0.0321874427698982
0.032146618221177
0.032105880232469
0.0320652285271872
0.0320246628299869
0.0319841828667583
0.0319437883646191
0.0319034790519074
0.0318632546581744
0.0318231149141771
0.0317830595518711
0.031743088304404
0.0317032009061079
0.0316633970924926
0.0316236766002387
0.031584039167191
0.0315444845323511
0.0315050124358712
0.0314656226190469
0.0314263148243113
0.0313870887952273
0.0313479442764821
0.0313088810138801
0.0312698987543363
0.0312309972458705
0.0311921762376003
0.0311534354797352
0.0311147747235701
0.031076193721479
0.0310376922269091
0.0309992699943743
0.0309609267794494
0.0309226623387641
0.0308844764299963
0.0308463688118672
0.0308083392441344
0.0307703874875866
0.0307325133040375
0.0306947164563203
0.0306569967082813
0.030619353824775
0.0305817875716579
0.0305442977157827
0.0305068840249934
0.0304695462681192
0.0304322842149688
0.0303950976363256
0.0303579863039418
0.0303209499905328
0.0302839884697725
0.0302471015162873
0.0302102889056512
0.0301735504143804
0.0301368858199282
0.0301002949006795
0.0300637774359462
0.0300273332059615
0.0299909619918753
0.0299546635757489
0.0299184377405501
0.029882284270148
0.0298462029493085
0.029810193563689
0.0297742558998338
0.0297383897451691
0.0297025948879981
0.0296668711174967
0.0296312182237082
0.029595635997539
0.0295601242307535
0.02952468271597
0.0294893112466558
0.0294540096171226
0.0294187776225219
0.0293836150588407
0.0293485217228969
0.0293134974123348
0.0292785419256208
0.0292436550620389
0.0292088366216862
0.029174086405469
0.0291394042150979
0.0291047898530843
0.0290702431227352
0.0290357638281498
0.0290013517742149
0.0289670067666007
0.0289327286117569
0.0288985171169085
0.0288643720900515
0.0288302933399492
0.028796280676128
0.0287623339088732
0.0287284528492255
0.0286946373089767
0.0286608871006656
0.0286272020375746
0.0285935819337255
0.0285600266038757
0.0285265358635146
0.0284931095288594
0.0284597474168515
0.028426449345153
0.0283932151321426
0.0283600445969121
0.0283269375592627
0.0282938938397014
0.0282609132594372
0.0282279956403777
0.0281951408051254
0.0281623485769742
0.0281296187799057
0.0280969512385859
0.0280643457783617
0.0280318022252572
0.0279993204059707
0.0279669001478705
0.0279345412789926
0.0279022436280361
0.0278700070243609
0.0278378312979838
0.027805716279575
0.0277736618004556
0.0277416676925934
0.0277097337886003
0.0276778599217288
0.0276460459258687
0.0276142916355441
0.0275825968859102
0.0275509615127502
0.0275193853524718
0.0274878682421046
0.0274564100192966
0.0274250105223114
0.027393669590025
0.0273623870619228
0.0273311627780965
0.0272999965792412
0.0272688883066526
0.0272378378022235
0.0272068449084415
0.0271759094683856
0.0271450313257235
0.0271142103247087
0.0270834463101774
0.0270527391275461
0.0270220886228085
0.0269914946425325
0.0269609570338577
0.0269304756444925
0.0269000503227113
0.0268696809173518
0.0268393672778122
0.0268091092540487
0.0267789066965723
0.0267487594564469
0.0267186673852857
0.0266886303352493
0.0266586481590428
0.026628720709913
0.0265988478416461
0.0265690294085649
0.0265392652655263
0.0265095552679188
0.0264798992716599
0.0264502971331934
0.0264207487094872
0.0263912538580307
0.0263618124368322
0.0263324243044166
0.0263030893198227
0.0262738073426009
0.0262445782328111
0.0262154018510196
0.0261862780582975
0.0261572067162174
0.026128187686852
0.026099220832771
0.0260703060170392
0.026041443103214
0.0260126319553431
0.0259838724379621
0.0259551644160924
0.0259265077552391
0.0258979023213881
0.0258693479810045
0.02584084460103
0.0258123920488809
0.0257839901924458
0.0257556389000832
0.0257273380406199
0.025699087483348
0.0256708870980237
0.0256427367548641
0.0256146363245462
0.0255865856782038
0.0255585846874259
0.0255306332242545
0.0255027311611828
0.0254748783711524
0.025447074727552
0.025419320104215
0.0253916143754175
0.0253639574158763
0.0253363491007469
0.0253087893056214
0.0252812779065267
0.0252538147799225
0.025226399802699
0.0251990328521755
0.0251717138060978
0.0251444425426369
0.0251172189403869
0.0250900428783626
0.0250629142359983
0.0250358328931455
0.0250087987300712
0.0249818116274559
0.0249548714663916
0.0249279781283806
0.0249011314953328
0.0248743314495645
0.0248475778737964
0.0248208706511515
0.0247942096651538
0.0247675947997264
0.0247410259391892
0.024714502968258
0.0246880257720419
0.0246615942360422
0.0246352082461503
0.0246088676886461
0.0245825724501961
0.024556322417852
0.024530117479049
0.0245039575216035
0.0244778424337124
0.0244517721039506
0.0244257464212696
0.0243997652749961
0.02437382855483
0.0243479361508429
0.0243220879534766
0.0242962838535414
0.0242705237422142
0.0242448075110374
0.024219135051917
0.0241935062571211
0.0241679210192782
0.024142379231376
0.0241168807867594
0.0240914255791291
0.0240660135025402
0.0240406444514007
0.0240153183204696
0.0239900350048558
0.0239647944000163
0.023939596401755
0.0239144409062209
0.0238893278099069
0.0238642570096478
0.0238392284026198
0.023814241886338
0.0237892973586556
0.0237643947177621
0.0237395338621823
0.0237147146907744
0.0236899371027287
0.0236652009975664
0.0236405062751381
0.0236158528356222
0.0235912405795238
0.023566669407673
0.0235421392212241
0.0235176499216533
0.0234932014107583
0.0234687935906563
0.023444426363783
0.0234200996328911
0.0233958133010489
0.0233715672716392
0.0233473614483578
0.0233231957352123
0.0232990700365206
0.0232749842569098
0.0232509383013151
0.0232269320749778
0.0232029654834447
0.0231790384325668
0.0231551508284975
0.023131302577692
0.0231074935869054
0.0230837237631921
0.0230599930139041
0.0230363012466899
0.0230126483694934
0.0229890342905523
0.0229654589183975
0.0229419221618513
0.0229184239300266
0.0228949641323253
0.0228715426784377
0.0228481594783408
0.0228248144422972
0.0228015074808541
0.0227782385048422
0.0227550074253743
0.0227318141538441
0.0227086586019254
0.0226855406815707
0.0226624603050101
0.0226394173847502
0.022616411833573
0.0225934435645347
0.0225705124909647
0.0225476185264643
0.0225247615849059
0.0225019415804316
0.0224791584274522
0.0224564120406463
0.0224337023349591
0.022411029225601
0.0223883926280472
0.022365792458036
0.0223432286315681
0.0223207010649055
0.0222982096745704
0.022275754377344
0.0222533350902658
0.0222309517306324
0.0222086042159963
0.0221862924641652
0.0221640163932009
0.0221417759214179
0.0221195709673829
0.0220974014499137
0.022075267288078
0.0220531684011925
0.022031104708822
0.0220090761307782
0.0219870825871189
0.0219651239981473
0.0219432002844103
0.0219213113666982
0.0218994571660435
0.0218776376037199
0.0218558526012413
0.0218341020803611
0.0218123859630712
0.0217907041716008
0.0217690566284157
0.0217474432562173
0.0217258639779419
0.0217043187167592
0.0216828073960722
0.0216613299395156
0.0216398862709552
0.021618476314487
0.0215970999944363
0.0215757572353566
0.0215544479620292
0.0215331720994616
0.0215119295728875
0.021490720307765
0.0214695442297764
0.0214484012648272
0.021427291339045
0.0214062143787788
0.0213851703105983
0.0213641590612927
0.0213431805578702
0.0213222347275569
0.0213013214977962
0.0212804407962478
0.0212595925507867
0.0212387766895029
0.0212179931407001
0.021197241832895
0.0211765226948167
0.0211558356554057
0.0211351806438128
0.0211145575893991
0.0210939664217343
0.0210734070705967
0.0210528794659716
0.0210323835380513
0.0210119192172339
0.0209914864341224
0.0209710851195244
0.0209507152044506
0.020930376620115
0.0209100692979332
0.0208897931695221
0.0208695481666992
0.0208493342214818
0.0208291512660858
0.0208089992329258
0.0207888780546136
0.0207687876639577
0.0207487279939629
0.0207286989778289
0.0207087005489501
0.0206887326409149
0.0206687951875046
0.0206488881226928
0.020629011380645
0.0206091648957174
0.0205893486024565
0.0205695624355984
0.0205498063300679
0.0205300802209782
0.0205103840436295
0.0204907177335091
0.0204710812262901
0.0204514744578311
0.0204318973641752
0.0204123498815496
0.0203928319463649
0.0203733434952141
0.0203538844648724
0.020334454792296
0.020315054414622
0.0202956832691674
0.0202763412934284
0.0202570284250798
0.0202377446019747
0.0202184897621431
0.020199263843792
0.0201800667853045
0.0201608985252387
0.0201417590023279
0.0201226481554793
0.0201035659237736
0.0200845122464645
0.0200654870629778
0.020046490312911
0.0200275219360324
0.0200085818722809
0.0199896700617651
0.0199707864447626
0.0199519309617196
0.0199331035532503
0.0199143041601362
0.0198955327233253
0.0198767891839319
0.0198580734832359
0.0198393855626819
0.0198207253638789
0.0198020928285996
0.0197834878987799
0.0197649105165183
0.0197463606240752
0.0197278381638724
0.0197093430784926
0.0196908753106787
0.0196724348033331
0.0196540214995177
0.0196356353424526
0.019617276275516
0.0195989442422436
0.0195806391863277
0.0195623610516172
0.0195441097821166
0.0195258853219855
0.0195076876155382
0.0194895166072433
0.0194713722417227
0.0194532544637514
0.0194351632182569
0.0194170984503185
0.0193990601051671
0.0193810481281842
0.0193630624649019
0.0193451030610019
0.0193271698623153
0.0193092628148219
0.0192913818646498
0.0192735269580746
0.0192556980415193
0.0192378950615537
0.0192201179648934
0.0192023666983999
0.0191846412090798
0.0191669414440844
0.019149267350709
0.0191316188763927
0.0191139959687176
0.0190963985754085
0.0190788266443323
0.0190612801234978
0.0190437589610545
0.019026263105293
0.0190087925046438
0.0189913471076773
0.0189739268631031
0.0189565317197693
0.0189391616266625
0.018921816532907
0.0189044963877646
0.0188872011406335
0.0188699307410486
0.0188526851386808
0.018835464283336
0.0188182681249554
0.0188010966136147
0.0187839496995235
0.018766827333025
0.0187497294645957
0.0187326560448445
0.0187156070245128
0.0186985823544736
0.0186815819857311
0.0186646058694207
0.018647653956808
0.0186307261992887
0.0186138225483878
0.0185969429557598
0.0185800873731874
0.018563255752582
0.0185464480459825
0.0185296642055551
0.0185129041835933
0.0184961679325166
0.018479455404871
0.018462766553328
0.0184461013306842
0.0184294596898612
0.0184128415839049
0.0183962469659851
0.0183796757893953
0.0183631280075519
0.0183466035739944
0.0183301024423842
0.0183136245665049
0.0182971699002614
0.0182807383976799
0.0182643300129069
0.0182479447002096
0.0182315824139749
0.0182152431087091
0.0181989267390378
0.018182633259705
0.0181663626255731
0.0181501147916226
0.0181338897129512
0.0181176873447739
0.0181015076424223
0.0180853505613445
0.0180692160571044
0.0180531040853816
0.0180370146019707
0.0180209475627814
0.0180049029238375
0.017988880641277
0.0179728806713517
0.0179569029704266
0.0179409474949795
0.0179250142016008
0.0179091030469934
0.0178932139879716
0.0178773469814613
0.0178615019844996
0.0178456789542342
0.0178298778479232
0.0178140986229347
0.0177983412367464
0.0177826056469453
0.0177668918112274
0.0177511996873971
0.0177355292333673
0.0177198804071584
0.0177042531668985
0.017688647470823
0.0176730632772739
0.0176575005446997
0.0176419592316551
0.0176264392968006
0.017610940698902
0.0175954633968303
0.0175800073495612
0.0175645725161749
0.0175491588558555
0.0175337663278912
0.0175183948916731
0.0175030445066958
0.0174877151325564
0.0174724067289547
0.0174571192556921
0.0174418526726723
0.0174266069399
0.0174113820174813
0.0173961778656228
0.0173809944446319
0.0173658317149158
0.0173506896369817
0.0173355681714362
0.0173204672789852
0.0173053869204335
0.0172903270566841
0.0172752876487387
0.0172602686576965
0.0172452700447546
0.0172302917712072
0.0172153337984457
0.0172003960879581
0.0171854786013285
0.0171705813002375
0.0171557041464612
0.0171408471018713
0.0171260101284345
0.0171111931882124
0.0170963962433612
0.0170816192561315
0.0170668621888675
0.0170521250040075
0.0170374076640828
0.0170227101317179
0.0170080323696303
0.0169933743406296
0.0169787360076179
0.016964117333589
0.0169495182816286
0.0169349388149135
0.0169203788967117
0.0169058384903817
0.0168913175593727
0.0168768160672243
0.0168623339775655
0.0168478712541154
0.0168334278606822
0.0168190037611632
0.0168045989195447
0.0167902132999013
0.0167758468663958
0.0167614995832793
0.0167471714148904
0.0167328623256549
0.0167185722800862
0.0167043012427843
0.0166900491784359
0.0166758160518141
0.0166616018277779
0.0166474064712723
0.0166332299473279
0.0166190722210604
0.0166049332576705
0.016590813022444
0.0165767114807508
0.0165626285980453
0.0165485643398658
0.0165345186718342
0.0165204915596562
0.0165064829691204
0.0164924928660985
0.0164785212165448
0.0164645679864961
0.0164506331420715
0.0164367166494719
0.01642281847498
0.0164089385849598
0.0163950769458567
0.0163812335241969
0.0163674082865873
0.0163536011997153
0.0163398122303486
0.0163260413453347
0.016312288511601
0.0162985536961541
0.0162848368660802
0.0162711379885442
0.0162574570307901
0.0162437939601399
0.0162301487439945
0.0162165213498324
0.01620291174521
0.0161893198977614
0.0161757457751981
0.0161621893453084
0.0161486505759577
0.0161351294350881
0.0161216258907179
0.0161081399109418
0.0160946714639304
0.0160812205179299
0.0160677870412622
0.0160543710023242
0.0160409723695882
0.0160275911116011
0.0160142271969843
0.0160008805944339
0.0159875512727199
0.0159742392006862
0.0159609443472506
0.0159476666814044
0.0159344061722119
0.0159211627888107
0.0159079365004112
0.0158947272762964
0.0158815350858216
0.0158683598984144
0.0158552016835744
0.0158420604108728
0.0158289360499526
0.0158158285705279
0.015802737942384
0.0157896641353772
0.0157766071194344
0.0157635668645531
0.0157505433408008
0.0157375365183155
0.0157245463673048
0.0157115728580459
0.0156986159608858
0.0156856756462404
0.0156727518845948
0.015659844646503
0.0156469539025876
0.0156340796235396
0.0156212217801182
0.0156083803431509
0.0155955552835327
0.0155827465722265
0.0155699541802625
0.0155571780787383
0.0155444182388184
0.0155316746317342
0.0155189472287838
0.0155062360013318
0.015493540920809
0.0154808619587122
0.0154681990866044
0.0154555522761139
0.0154429214989348
0.0154303067268263
0.015417707931613
0.0154051250851841
0.0153925581594939
0.0153800071265609
0.0153674719584683
0.0153549526273633
0.015342449105457
0.0153299613650247
0.0153174893784049
0.0153050331179997
0.0152925925562747
0.0152801676657583
0.0152677584190418
0.0152553647887793
0.0152429867476876
0.0152306242685455
0.0152182773241943
0.0152059458875372
0.0151936299315391
0.0151813294292267
0.0151690443536881
0.0151567746780727
0.015144520375591
0.0151322814195145
0.0151200577831755
0.0151078494399667
0.0150956563633413
0.015083478526813
0.0150713159039552
0.0150591684684014
0.0150470361938449
0.0150349190540384
0.015022817022794
0.0150107300739832
0.0149986581815363
0.0149866013194429
0.0149745594617508
0.0149625325825667
0.0149505206560556
0.0149385236564408
0.0149265415580035
0.0149145743350829
0.0149026219620759
0.0148906844134371
0.0148787616636782
0.0148668536873683
0.0148549604591339
0.0148430819536578
0.0148312181456801
0.0148193690099972
0.0148075345214621
0.014795714654984
0.0147839093855281
0.0147721186881159
0.0147603425378243
0.0147485809097863
0.01473683377919
0.0147251011212791
0.0147133829113523
0.0147016791247635
0.0146899897369213
0.0146783147232892
0.0146666540593852
0.0146550077207817
0.0146433756831054
0.014631757922037
0.0146201544133114
0.0146085651327171
0.0145969900560963
0.0145854291593448
0.0145738824184118
0.0145623498092996
0.0145508313080635
0.014539326890812
0.0145278365337061
0.0145163602129596
0.0145048979048388
0.0144934495856621
0.0144820152318004
0.0144705948196765
0.014459188325765
0.0144477957265925
0.0144364169987372
0.0144250521188284
0.0144137010635473
0.0144023638096259
0.0143910403338473
0.0143797306130457
0.0143684346241058
0.0143571523439633
0.0143458837496041
0.0143346288180644
0.0143233875264309
0.0143121598518402
0.014300945771479
0.0142897452625835
0.0142785583024398
0.0142673848683835
0.0142562249377997
0.0142450784881225
0.0142339454968353
0.0142228259414706
0.0142117197996095
0.014200627048882
0.0141895476669668
0.0141784816315907
0.0141674289205292
0.0141563895116059
0.0141453633826923
0.014134350511708
0.0141233508766204
0.0141123644554446
0.0141013912262431
0.014090431167126
0.0140794842562506
0.0140685504718214
0.0140576297920898
0.0140467221953544
0.0140358276599603
0.0140249461642993
0.01401407768681
0.014003222205977
0.0139923797003316
0.0139815501484508
0.013970733528958
0.0139599298205224
0.0139491390018589
0.0139383610517281
0.0139275959489363
0.0139168436723349
0.0139061042008209
0.0138953775133362
0.0138846635888681
0.0138739624064485
0.0138632739451542
0.0138525981841068
0.0138419351024725
0.0138312846794616
0.0138206468943292
0.0138100217263743
0.0137994091549402
0.013788809159414
0.0137782217192267
0.0137676468138532
0.0137570844228119
0.0137465345256647
0.0137359971020169
0.0137254721315172
0.0137149595938573
0.0137044594687722
0.0136939717360394
0.0136834963754798
0.0136730333669565
0.0136625826903755
0.0136521443256852
0.0136417182528763
0.013631304451982
0.0136209029030773
0.0136105135862796
0.0136001364817479
0.0135897715696832
0.0135794188303283
0.0135690782439673
0.0135587497909261
0.0135484334515719
0.0135381292063129
0.0135278370355988
0.0135175569199202
0.0135072888398087
0.0134970327758368
0.0134867887086175
0.0134765566188046
0.0134663364870924
0.0134561282942156
0.0134459320209493
0.0134357476481086
0.0134255751565488
0.0134154145271653
0.0134052657408932
0.0133951287787075
0.0133850036216228
0.0133748902506934
0.0133647886470129
0.0133546987917144
0.0133446206659703
0.0133345542509921
0.0133244995280302
0.0133144564783743
0.0133044250833528
0.0132944053243327
0.0132843971827198
0.0132744006399587
0.013264415677532
0.013254442276961
0.0132444804198051
0.0132345300876619
0.0132245912621671
0.0132146639249944
0.0132047480578553
0.013194843642499
0.0131849506607125
0.0131750690943202
0.0131651989251844
0.0131553401352042
0.0131454927063164
0.0131356566204949
0.0131258318597505
0.0131160184061314
0.0131062162417223
0.0130964253486448
0.0130866457090575
0.0130768773051552
0.0130671201191696
0.0130573741333686
0.0130476393300565
0.0130379156915739
0.0130282032002974
0.0130185018386399
0.0130088115890502
0.0129991324340127
0.0129894643560481
0.0129798073377122
0.012970161361597
0.0129605264103295
0.0129509024665725
0.012941289513024
0.0129316875324171
0.0129220965075203
0.012912516421137
0.0129029472561057
0.0128933889952996
0.0128838416216269
0.0128743051180305
0.0128647794674877
0.0128552646530105
0.0128457606576455
0.0128362674644733
0.0128267850566091
0.0128173134172021
0.0128078525294357
0.0127984023765273
0.0127889629417281
0.0127795342083234
0.0127701161596319
0.0127607087790065
0.0127513120498331
0.0127419259555314
0.0127325504795547
0.0127231856053892
0.0127138313165548
0.0127044875966043
0.0126951544291235
0.0126858317977315
0.0126765196860802
0.0126672180778541
0.0126579269567709
0.0126486463065807
0.0126393761110661
0.0126301163540425
0.0126208670193575
0.0126116280908911
0.0126023995525556
0.0125931813882956
0.0125839735820875
0.0125747761179401
0.0125655889798938
0.0125564121520211
0.0125472456184263
0.0125380893632452
0.0125289433706454
0.0125198076248261
0.0125106821100179
0.0125015668104826
0.0124924617105137
0.0124833667944357
0.0124742820466043
0.0124652074514062
0.0124561429932594
0.0124470886566126
0.0124380444259452
0.0124290102857678
0.0124199862206214
0.0124109722150778
0.0124019682537391
0.0123929743212382
0.0123839904022382
0.0123750164814325
0.0123660525435449
0.0123570985733293
0.0123481545555697
0.0123392204750802
0.0123302963167047
0.0123213820653172
0.0123124777058213
0.0123035832231504
0.0122946986022678
0.0122858238281659
0.0122769588858672
0.0122681037604231
0.0122592584369148
0.0122504229004526
0.0122415971361759
0.0122327811292537
0.0122239748648836
0.0122151783282925
0.0122063915047362
0.0121976143794993
0.0121888469378953
0.0121800891652664
0.0121713410469835
0.012162602568446
0.0121538737150818
0.0121451544723475
0.0121364448257279
0.0121277447607362
0.0121190542629136
0.0121103733178299
0.0121017019110827
0.0120930400282978
0.0120843876551289
0.0120757447772576
0.0120671113803935
0.0120584874502737
0.0120498729726632
0.0120412679333547
0.0120326723181684
0.0120240861129518
0.0120155093035802
0.012006941875956
0.0119983838160091
0.0119898351096966
0.0119812957430026
0.0119727657019386
0.0119642449725429
0.011955733540881
0.0119472313930451
0.0119387385151544
0.0119302548933548
0.011921780513819
0.0119133153627465
0.011904859426363
0.011896412690921
0.0118879751426996
0.011879546768004
0.0118711275531659
0.0118627174845434
0.0118543165485205
0.0118459247315077
0.0118375420199414
0.0118291684002839
0.0118208038590239
0.0118124483826756
0.0118041019577792
0.0117957645709006
0.0117874362086317
0.0117791168575896
0.0117708065044175
0.0117625051357837
0.0117542127383824
0.0117459292989327
0.0117376548041796
0.011729389240893
0.0117211325958683
0.0117128848559259
0.0117046460079114
0.0116964160386954
0.0116881949351737
0.0116799826842666
0.0116717792729199
0.0116635846881037
0.011655398916813
0.0116472219460678
0.0116390537629123
0.0116308943544155
0.0116227437076711
0.0116146018097969
0.0116064686479355
0.0115983442092536
0.0115902284809423
0.0115821214502169
0.011574023104317
0.0115659334305062
0.0115578524160722
0.0115497800483268
0.0115417163146056
0.0115336612022684
0.0115256146986984
0.0115175767913031
0.0115095474675133
0.0115015267147839
0.0114935145205929
0.0114855108724425
0.0114775157578578
0.0114695291643879
0.0114615510796049
0.0114535814911044
0.0114456203865055
0.0114376677534502
0.0114297235796039
0.011421787852655
0.0114138605603152
0.011405941690319
0.0113980312304241
0.0113901291684108
0.0113822354920826
0.0113743501892657
0.0113664732478089
0.011358604655584
0.0113507444004852
0.0113428924704294
0.0113350488533562
0.0113272135372275
0.0113193865100276
0.0113115677597635
0.0113037572744643
0.0112959550421814
0.0112881610509885
0.0112803752889814
0.0112725977442783
0.0112648284050192
0.0112570672593663
0.0112493142955037
0.0112415695016374
0.0112338328659955
0.0112261043768276
0.0112183840224055
0.0112106717910223
0.0112029676709932
0.0111952716506546
0.0111875837183649
0.0111799038625038
0.0111722320714724
0.0111645683336936
0.0111569126376114
0.0111492649716911
0.0111416253244195
0.0111339936843045
0.0111263700398752
0.011118754379682
0.0111111466922961
0.01110354696631
0.0110959551903371
0.0110883713530119
0.0110807954429895
0.0110732274489461
0.0110656673595787
0.011058115163605
0.0110505708497634
0.0110430344068129
0.0110355058235334
0.0110279850887251
0.0110204721912088
0.0110129671198258
0.0110054698634379
0.0109979804109271
0.010990498751196
0.0109830248731673
0.010975558765784
0.0109681004180093
0.0109606498188266
0.0109532069572394
0.0109457718222712
0.0109383444029657
0.0109309246883863
0.0109235126676166
0.0109161083297599
0.0109087116639395
0.0109013226592983
0.0108939413049992
0.0108865675902246
0.0108792015041766
0.010871843036077
0.0108644921751671
0.0108571489107079
0.0108498132319795
0.010842485128282
0.0108351645889344
0.0108278516032753
0.0108205461606626
0.0108132482504734
0.0108059578621041
0.0107986749849703
0.0107913996085065
0.0107841317221667
0.0107768713154237
0.0107696183777692
0.0107623728987143
0.0107551348677885
0.0107479042745407
0.0107406811085381
0.0107334653593672
0.010726257016633
0.0107190560699593
0.0107118625089884
0.0107046763233815
0.0106974975028183
0.010690326036997
0.0106831619156343
0.0106760051284653
0.0106688556652439
0.0106617135157419
0.0106545786697498
0.0106474511170762
0.0106403308475481
0.0106332178510106
0.010626112117327
0.010619013636379
0.010611922398066
0.0106048383923058
0.010597761609034
0.0105906920382043
0.0105836296697883
0.0105765744937756
0.0105695265001735
0.0105624856790073
0.0105554520203199
0.0105484255141721
0.0105414061506425
0.010534393919827
0.0105273888118395
0.0105203908168112
0.0105133999248913
0.0105064161262459
0.0104994394110591
0.0104924697695322
0.0104855071918839
0.0104785516683503
0.0104716031891848
0.0104646617446582
0.0104577273250584
0.0104507999206905
0.0104438795218769
0.0104369661189571
0.0104300597022876
0.0104231602622421
0.0104162677892112
0.0104093822736025
0.0104025037058407
0.0103956320763672
0.0103887673756403
0.0103819095941354
0.0103750587223443
0.010368214750776
0.0103613776699558
0.010354547470426
0.0103477241427454
0.0103409076774895
0.0103340980652503
0.0103272952966365
0.010320499362273
0.0103137102528016
0.0103069279588802
0.0103001524711833
0.0102933837804015
0.0102866218772422
0.0102798667524286
0.0102731183967005
0.0102663768008137
0.0102596419555404
0.0102529138516689
0.0102461924800034
0.0102394778313645
0.0102327698965887
0.0102260686665285
0.0102193741320524
0.010212686284045
0.0102060051134065
0.0101993306110532
0.0101926627679173
0.0101860015749467
0.0101793470231049
0.0101726991033716
0.0101660578067418
0.0101594231242263
0.0101527950468517
0.0101461735656599
0.0101395586717087
0.0101329503560711
0.010126348609836
0.0101197534241075
0.0101131647900051
0.010106582698664
0.0101000071412345
0.0100934381088824
0.0100868755927886
0.0100803195841496
0.0100737700741769
0.0100672270540973
0.0100606905151528
0.0100541604486004
0.0100476368457124
0.0100411196977761
0.0100346089960939
0.0100281047319831
0.0100216068967761
0.0100151154818203
0.0100086304784778
0.0100021518781258
0.00999567967215633
0.00998921385197615
0.00998275440900689
0.00997630133468494
0.00996985462046142
0.00996341425780214
0.00995698023818758
0.00995055255311288
0.00994413119408777
0.00993771615263657
0.00993130742029813
0.00992490498862585
0.00991850884918758
0.00991211899356564
0.00990573541335676
0.0098993581001721
0.00989298704563715
0.00988662224139175
0.00988026367909004
0.00987391135040042
0.00986756524700554
0.00986122536060227
0.00985489168290167
0.00984856420562893
0.00984224292052338
0.00983592781933844
0.00982961889384158
0.00982331613581432
0.00981701953705219
0.00981072908936468
0.00980444478457523
0.00979816661452121
0.00979189457105386
0.00978562864603829
0.00977936883135342
0.009773115118892
0.00976686750056054
0.00976062596827927
0.00975439051398217
0.00974816112961688
0.00974193780714472
0.00973572053854061
0.00972950931579307
0.00972330413090424
0.00971710497588974
0.00971091184277874
0.00970472472361389
0.00969854361045129
0.00969236849536049
0.00968619937042442
0.00968003622773941
0.0096738790594151
0.00966772785757447
0.0096615826143538
0.00965544332190264
0.00964930997238374
0.00964318255797307
0.00963706107085982
0.00963094550324629
0.00962483584734791
0.00961873209539323
0.00961263423962387
0.00960654227229447
0.00960045618567272
0.00959437597203929
0.00958830162368779
0.0095822331329248
0.0095761704920698
0.00957011369345515
0.00956406272942607
0.00955801759234062
0.00955197827456964
0.00954594476849677
0.00953991706651838
0.00953389516104361
0.00952787904449426
0.00952186870930479
0.00951586414792235
0.00950986535280668
0.00950387231643014
0.00949788503127762
0.00949190348984658
0.00948592768464702
0.00947995760820138
0.0094739932530446
0.00946803461172405
0.00946208167679953
0.00945613444084319
0.00945019289643959
0.0094442570361856
0.00943832685269042
0.00943240233857551
0.00942648348647465
0.0094205702890338
0.00941466273891114
0.00940876082877709
0.00940286455131417
0.00939697389921708
0.00939108886519259
0.00938520944195961
0.0093793356222491
0.00937346739880402
0.00936760476437939
0.00936174771174222
0.00935589623367146
0.00935005032295799
0.00934420997240467
0.0093383751748262
0.00933254592304916
0.00932672220991198
0.00932090402826491
0.00931509137097
0.00930928423090105
0.00930348260094367
0.00929768647399511
0.00929189584296439
0.00928611070077217
0.00928033104035078
0.00927455685464418
0.00926878813660794
0.00926302487920919
0.00925726707542666
0.00925151471825057
0.0092457678006827
0.00924002631573628
0.00923429025643603
0.00922855961581812
0.00922283438693011
0.00921711456283099
0.00921140013659111
0.00920569110129217
0.0091999874500272
0.00919428917590053
0.0091885962720278
0.00918290873153589
0.0091772265475629
0.00917154971325819
0.00916587822178227
0.00916021206630683
0.00915455124001475
0.00914889573609998
0.00914324554776759
0.00913760066823375
0.00913196109072565
0.00912632680848157
0.00912069781475076
0.00911507410279348
0.00910945566588096
0.00910384249729538
0.00909823459032984
0.00909263193828834
0.00908703453448578
0.00908144237224792
0.00907585544491133
0.00907027374582343
0.00906469726834243
0.00905912600583731
0.0090535599516878
0.00904799909928437
0.00904244344202819
0.00903689297333113
0.00903134768661571
0.00902580757531511
0.00902027263287317
0.00901474285274426
0.00900921822839338
0.00900369875329609
0.00899818442093849
0.00899267522481719
0.00898717115843931
0.00898167221532243
0.00897617838899463
0.00897068967299437
0.00896520606087057
0.00895972754618253
0.00895425412249991
0.00894878578340277
0.00894332252248145
0.00893786433333665
0.00893241120957932
0.00892696314483072
0.00892152013272235
0.00891608216689592
0.00891064924100339
0.0089052213487069
0.00889979848367875
0.00889438063960139
0.00888896781016742
0.00888355998907954
0.00887815717005055
0.00887275934680331
0.00886736651307074
0.0088619786625958
0.00885659578913145
0.00885121788644065
0.00884584494829633
0.00884047696848138
0.0088351139407886
0.00882975585902076
0.00882440271699047
0.00881905450852024
0.00881371122744244
0.00880837286759927
0.00880303942284273
0.00879771088703467
0.00879238725404668
0.00878706851776011
0.00878175467206605
0.00877644571086536
0.00877114162806853
0.0087658424175958
0.00876054807337703
0.00875525858935174
0.0087499739594691
0.00874469417768787
0.00873941923797638
0.00873414913431258
0.00872888386068393
0.00872362341108745
0.00871836777952967
0.0087131169600266
0.00870787094660376
0.0087026297332961
0.00869739331414805
0.00869216168321342
0.00868693483455545
0.00868171276224677
0.00867649546036937
0.00867128292301459
0.00866607514428311
0.00866087211828493
0.00865567383913931
0.00865048030097484
0.00864529149792935
0.0086401074241499
0.00863492807379278
0.0086297534410235
0.00862458352001674
0.00861941830495639
0.00861425779003543
0.00860910196945603
0.00860395083742946
0.0085988043881761
0.00859366261592538
0.00858852551491585
0.00858339307939505
0.0085782653036196
0.00857314218185511
0.00856802370837619
0.00856290987746641
0.00855780068341835
0.00855269612053347
0.00854759618312221
0.00854250086550392
0.00853741016200678
0.00853232406696791
0.00852724257473328
0.00852216567965767
0.00851709337610472
0.00851202565844685
0.00850696252106529
0.00850190395835005
0.00849684996469986
0.00849180053452223
0.00848675566223337
0.0084817153422582
0.00847667956903037
0.00847164833699214
0.00846662164059445
0.00846159947429693
0.00845658183256776
0.00845156870988375
0.00844656010073035
0.00844155599960151
0.00843655640099981
0.0084315612994363
0.00842657068943062
0.00842158456551089
0.00841660292221371
0.0084116257540842
0.00840665305567591
0.00840168482155082
0.00839672104627937
0.00839176172444042
0.00838680685062119
0.00838185641941732
0.00837691042543278
0.00837196886327992
0.00836703172757939
0.0083620990129602
0.00835717071405963
0.00835224682552325
0.00834732734200492
0.00834241225816672
0.00833750156867902
0.00833259526822036
0.00832769335147752
0.00832279581314547
0.00831790264792735
0.00831301385053447
0.00830812941568627
0.00830324933811033
0.00829837361254235
0.00829350223372614
0.00828863519641356
0.00828377249536458
0.00827891412534719
0.00827406008113745
0.00826921035751943
0.0082643649492852
0.00825952385123484
0.00825468705817639
0.00824985456492589
0.00824502636630729
0.00824020245715248
0.0082353828323013
0.00823056748660145
0.00822575641490856
0.00822094961208611
0.00821614707300544
0.00821134879254576
0.00820655476559408
0.00820176498704525
0.00819697945180189
0.00819219815477443
0.00818742109088109
0.0081826482550478
0.00817787964220828
0.00817311524730394
0.00816835506528394
0.00816359909110509
0.00815884731973195
0.00815409974613669
0.00814935636529919
0.00814461717220692
0.00813988216185502
0.00813515132924622
0.00813042466939086
0.00812570217730687
0.00812098384801973
0.0081162696765625
0.00811155965797578
0.00810685378730768
0.00810215205961386
0.00809745446995744
0.00809276101340904
0.00808807168504679
0.00808338647995624
0.00807870539323039
0.00807402841996968
0.00806935555528197
0.00806468679428251
0.00806002213209396
0.00805536156384635
0.00805070508467707
0.00804605268973085
0.00804140437415977
0.00803676013312325
0.00803211996178797
0.00802748385532795
0.00802285180892447
0.00801822381776608
0.00801359987704859
0.00800897998197506
0.00800436412775575
0.00799975230960818
0.00799514452275702
0.00799054076243416
0.00798594102387866
0.00798134530233675
0.00797675359306179
0.00797216589131428
0.00796758219236185
0.00796300249147924
0.00795842678394828
0.00795385506505788
0.00794928733010404
0.0079447235743898
0.00794016379322523
0.00793560798192746
0.00793105613582063
0.00792650825023588
0.00792196432051135
0.00791742434199214
0.00791288831003033
0.00790835621998498
0.00790382806722205
0.00789930384711445
0.007894783555042
0.00789026718639143
0.00788575473655635
0.00788124620093726
0.00787674157494154
0.00787224085398337
0.00786774403348382
0.00786325110887077
0.00785876207557893
0.00785427692904979
0.00784979566473165
0.00784531827807958
0.00784084476455541
0.00783637511962773
0.00783190933877189
0.00782744741746994
0.00782298935121067
0.00781853513548954
0.00781408476580874
0.00780963823767714
0.00780519554661024
0.00780075668813024
0.00779632165776597
0.00779189045105287
0.00778746306353302
0.00778303949075512
0.00777861972827443
0.00777420377165284
0.00776979161645876
0.00776538325826722
0.00776097869265974
0.00775657791522442
0.00775218092155585
0.00774778770725516
0.00774339826792998
0.00773901259919441
0.00773463069666903
0.00773025255598091
0.00772587817276356
0.00772150754265691
0.00771714066130736
0.00771277752436771
0.00770841812749717
0.00770406246636133
0.00769971053663219
0.00769536233398812
0.00769101785411383
0.00768667709270042
0.00768234004544527
0.00767800670805214
0.00767367707623109
0.00766935114569848
0.00766502891217696
0.00766071037139547
0.00765639551908922
0.00765208435099967
0.00764777686287455
0.0076434730504678
0.00763917290953961
0.00763487643585636
0.00763058362519066
0.0076262944733213
0.00762200897603323
0.00761772712911762
0.00761344892837175
0.00760917436959909
0.0076049034486092
0.00760063616121781
0.00759637250324675
0.00759211247052394
0.00758785605888341
0.00758360326416527
0.00757935408221571
0.00757510850888695
0.00757086654003729
0.00756662817153107
0.00756239339923864
0.00755816221903638
0.00755393462680666
0.00754971061843789
0.00754549018982442
0.00754127333686658
0.0075370600554707
0.00753285034154901
0.00752864419101974
0.00752444159980701
0.00752024256384088
0.00751604707905733
0.00751185514139821
0.0075076667468113
0.00750348189125024
0.00749930057067453
0.00749512278104955
0.00749094851834651
0.00748677777854248
0.00748261055762034
0.0074784468515688
0.00747428665638237
0.00747012996806136
0.00746597678261185
0.00746182709604574
0.00745768090438066
0.00745353820364001
0.00744939898985293
0.0074452632590543
0.00744113100728472
0.00743700223059052
0.00743287692502373
0.00742875508664207
0.00742463671150894
0.00742052179569345
0.00741641033527033
0.00741230232631998
0.00740819776492848
0.00740409664718749
0.00739999896919435
0.00739590472705198
0.00739181391686891
0.00738772653475928
0.00738364257684281
0.0073795620392448
0.00737548491809611
0.00737141120953316
0.00736734090969792
0.00736327401473789
0.00735921052080612
0.00735515042406114
0.00735109372066703
0.00734704040679334
0.00734299047861512
0.00733894393231291
0.00733490076407269
0.00733086097008594
0.00732682454654956
0.0073227914896659
0.00731876179564275
0.00731473546069332
0.00731071248103622
0.00730669285289548
0.00730267657250052
0.00729866363608614
0.00729465403989251
0.00729064778016519
0.00728664485315507
0.0072826452551184
0.00727864898231677
0.00727465603101708
0.00727066639749158
0.00726668007801781
0.00726269706887862
0.00725871736636214
0.00725474096676178
0.00725076786637625
0.00724679806150951
0.00724283154847075
0.00723886832357444
0.00723490838314028
0.00723095172349319
0.0072269983409633
0.00722304823188598
0.00721910139260176
0.0072151578194564
0.00721121750880082
0.00720728045699112
0.00720334666038855
0.00719941611535956
0.00719548881827568
0.00719156476551364
0.00718764395345527
0.0071837263784875
0.00717981203700244
0.00717590092539721
0.0071719930400741
0.00716808837744044
0.00716418693390866
0.00716028870589626
0.00715639368982576
0.00715250188212478
0.00714861327922595
0.00714472787756694
0.00714084567359045
0.0071369666637442
0.00713309084448089
0.00712921821225823
0.00712534876353895
0.00712148249479072
0.00711761940248619
0.00711375948310299
0.0071099027331237
0.00710604914903584
0.00710219872733186
0.00709835146450917
0.00709450735707007
0.00709066640152178
0.00708682859437644
0.00708299393215108
0.00707916241136759
0.00707533402855278
0.00707150878023832
0.00706768666296071
0.00706386767326135
0.00706005180768645
0.00705623906278709
0.00705242943511916
0.00704862292124336
0.00704481951772523
0.00704101922113509
0.00703722202804808
0.00703342793504409
0.00702963693870786
0.00702584903562882
0.00702206422240122
0.00701828249562403
0.00701450385190101
0.00701072828784061
0.00700695580005605
0.00700318638516526
0.00699942003979089
0.00699565676056027
0.00699189654410546
0.00698813938706322
0.00698438528607496
0.00698063423778678
0.00697688623884945
