0.00685757774565743
0.006866420537894
0.0068752803092494
0.00688415710280926
0.00689305096179444
0.00690196192956154
0.00691089004960337
0.00691983536554954
0.00692879792116687
0.00693777776036
0.00694677492717183
0.00695578946578405
0.00696482142051769
0.0069738708358336
0.00698293775633303
0.00699202222675809
0.00700112429199229
0.00701024399706113
0.00701938138713255
0.00702853650751752
0.00703770940367054
0.00704690012119022
0.00705610870581978
0.00706533520344761
0.00707457966010783
0.00708384212198082
0.00709312263539377
0.00710242124682123
0.0071117380028857
0.00712107295035813
0.00713042613615854
0.00713979760735652
0.00714918741117187
0.0071585955949751
0.00716802220628802
0.00717746729278434
0.0071869309022902
0.00719641308278479
0.0072059138824009
0.00721543334942552
0.00722497153230039
0.00723452847962266
0.00724410424014541
0.00725369886277826
0.00726331239658799
0.0072729448907991
0.00728259639479445
0.00729226695811584
0.00730195663046461
0.00731166546170227
0.00732139350185109
0.00733114080109471
0.00734090740977881
0.00735069337841164
0.00736049875766471
0.0073703235983734
0.00738016795153757
0.00739003186832222
0.00739991540005806
0.00740981859824224
0.0074197415145389
0.00742968420077987
0.00743964670896529
0.00744962909126425
0.00745963140001545
0.00746965368772786
0.00747969600708135
0.00748975841092739
0.00749984095228966
0.00750994368436476
0.00752006666052284
0.0075302099343083
0.00754037355944045
0.00755055758981418
0.00756076207950065
0.00757098708274795
0.00758123265398182
0.00759149884780632
0.00760178571900452
0.00761209332253917
0.00762242171355347
0.00763277094737167
0.00764314107949987
0.00765353216562665
0.00766394426162384
0.00767437742354717
0.00768483170763706
0.00769530717031927
0.00770580386820567
0.00771632185809495
0.00772686119697333
0.00773742194201532
0.00774800415058444
0.00775860788023399
0.00776923318870773
0.00777988013394067
0.00779054877405984
0.00780123916738497
0.0078119513724293
0.00782268544790035
0.00783344145270064
0.00784421944592846
0.00785501948687869
0.0078658416350435
0.00787668595011318
0.00788755249197692
0.00789844132072353
0.00790935249664232
0.0079202860802238
0.00793124213216054
0.00794222071334795
0.00795322188488505
0.00796424570807531
0.00797529224442745
0.00798636155565624
0.00799745370368335
0.0080085687506381
0.00801970675885837
0.00803086779089134
0.00804205190949441
0.00805325917763595
0.00806448965849619
0.00807574341546805
0.00808702051215798
0.00809832101238683
0.00810964498019064
0.00812099247982159
0.0081323635757488
0.00814375833265919
0.0081551768154584
0.00816661908927162
0.00817808521944446
0.00818957527154388
0.00820108931135903
0.00821262740490214
0.00822418961840946
0.00823577601834208
0.00824738667138692
0.00825902164445756
0.00827068100469521
0.00828236481946954
0.00829407315637972
0.00830580608325523
0.00831756366815685
0.00832934597937756
0.0083411530854435
0.00835298505511488
0.00836484195738695
0.00837672386149094
0.00838863083689501
0.00840056295330519
0.00841252028066638
0.00842450288916329
0.0084365108492214
0.00844854423150796
0.00846060310693296
0.0084726875466501
0.00848479762205779
0.00849693340480016
0.00850909496676802
0.00852128238009989
0.00853349571718299
0.00854573505065427
0.0085580004534014
0.00857029199856382
0.00858260975953376
0.00859495380995723
0.00860732422373511
0.00861972107502417
0.00863214443823809
0.00864459438804855
0.00865707099938627
0.00866957434744203
0.00868210450766781
0.0086946615557778
0.00870724556774949
0.00871985661982474
0.00873249478851091
0.0087451601505819
0.00875785278307924
0.00877057276331324
0.00878332016886405
0.00879609507758278
0.00880889756759265
0.00882172771729003
0.00883458560534566
0.00884747131070572
0.00886038491259299
0.00887332649050798
0.00888629612423008
0.00889929389381872
0.00891231987961453
0.00892537416224048
0.00893845682260309
0.00895156794189356
0.00896470760158896
0.00897787588345347
0.00899107286953948
0.00900429864218884
0.00901755328403409
0.0090308368779996
0.00904414950730283
0.00905749125545553
0.00907086220626499
0.00908426244383525
0.00909769205256832
0.00911115111716547
0.00912463972262843
0.0091381579542607
0.00915170589766874
0.00916528363876331
0.00917889126376068
0.00919252885918397
0.00920619651186436
0.00921989430894248
0.0092336223378696
0.00924738068640898
0.00926116944263724
0.00927498869494559
0.00928883853204114
0.00930271904294835
0.00931663031701022
0.00933057244388974
0.00934454551357117
0.00935854961636142
0.00937258484289144
0.00938665128411752
0.00940074903132272
0.00941487817611822
0.00942903881044474
0.0094432310265739
0.00945745491710963
0.00947171057498958
0.00948599809348655
0.00950031756620988
0.00951466908710688
0.00952905275046433
0.00954346865090981
0.00955791688341324
0.0095723975432883
0.00958691072619388
0.00960145652813559
0.00961603504546719
0.00963064637489211
0.00964529061346492
0.00965996785859285
0.00967467820803725
0.00968942175991517
0.00970419861270082
0.00971900886522713
0.00973385261668728
0.00974872996663623
0.0097636410149923
0.00977858586203867
0.00979356460842502
0.00980857735516904
0.00982362420365805
0.00983870525565058
0.00985382061327792
0.00986897037904583
0.00988415465583602
0.00989937354690786
0.0099146271559
0.00992991558683195
0.0099452389441058
0.00996059733250779
0.00997599085721005
0.00999141962377221
0.0100068837381431
0.0100223833066624
0.0100379184360624
0.0100534892334697
0.0100690958064068
0.0100847382627938
0.0101004167109506
0.0101161312595978
0.0101318820178592
0.0101476690952631
0.0101634926017444
0.0101793526476459
0.0101952493437206
0.0102111828011332
0.0102271531314619
0.0102431604467002
0.0102592048592588
0.0102752864819674
0.0102914054280765
0.0103075618112592
0.0103237557456132
0.0103399873456626
0.0103562567263594
0.0103725640030862
0.0103889092916571
0.0104052927083203
0.01042171436976
0.0104381743930978
0.0104546728958949
0.0104712099961543
0.0104877858123224
0.0105044004632911
0.0105210540683995
0.0105377467474364
0.0105544786206417
0.0105712498087089
0.0105880604327868
0.0106049106144814
0.0106218004758584
0.0106387301394447
0.0106556997282308
0.0106727093656727
0.0106897591756939
0.0107068492826877
0.0107239798115191
0.0107411508875269
0.010758362636526
0.0107756151848092
0.0107929086591495
0.0108102431868023
0.0108276188955074
0.0108450359134914
0.0108624943694695
0.0108799943926479
0.0108975361127261
0.0109151196598989
0.0109327451648587
0.0109504127587976
0.01096812257341
0.0109858747408944
0.0110036693939558
0.0110215066658081
0.0110393866901765
0.0110573096012992
0.0110752755339304
0.0110932846233423
0.0111113370053272
0.0111294328162004
0.011147572192802
0.0111657552724996
0.0111839821931905
0.0112022530933043
0.011220568111805
0.0112389273881936
0.0112573310625106
0.0112757792753383
0.0112942721678032
0.0113128098815785
0.0113313925588868
0.0113500203425023
0.0113686933757533
0.0113874118025251
0.0114061757672618
0.0114249854149697
0.0114438408912192
0.0114627423421477
0.0114816899144618
0.0115006837554406
0.0115197240129375
0.0115388108353833
0.0115579443717886
0.0115771247717468
0.0115963521854363
0.0116156267636234
0.011634948657665
0.0116543180195113
0.0116737350017083
0.0116931997574009
0.0117127124403353
0.0117322732048621
0.0117518822059385
0.0117715395991317
0.0117912455406215
0.0118110001872029
0.011830803696289
0.0118506562259142
0.0118705579347365
0.0118905089820408
0.0119105095277415
0.0119305597323858
0.011950659757156
0.011970809763873
0.0119910099149988
0.01201126037364
0.0120315613035503
0.0120519128691335
0.0120723152354468
0.0120927685682037
0.0121132730337769
0.0121338287992016
0.0121544360321783
0.0121750949010762
0.0121958055749359
0.012216568223473
0.0122373830170806
0.0122582501268333
0.0122791697244895
0.0123001419824951
0.0123211670739868
0.0123422451727947
0.0123633764534462
0.0123845610911689
0.012405799261894
0.0124270911422593
0.0124484369096132
0.012469836742017
0.0124912908182491
0.0125127993178081
0.0125343624209158
0.0125559803085213
0.0125776531623037
0.012599381164676
0.0126211644987882
0.0126430033485312
0.0126648978985397
0.0126868483341963
0.0127088548416346
0.0127309176077429
0.0127530368201675
0.0127752126673169
0.0127974453383645
0.0128197350232532
0.0128420819126982
0.0128644861981908
0.0128869480720027
0.0129094677271888
0.0129320453575916
0.0129546811578444
0.0129773753233755
0.0130001280504116
0.0130229395359819
0.0130458099779216
0.013068739574876
0.013091728526304
0.0131147770324824
0.0131378852945096
0.0131610535143092
0.0131842818946344
0.0132075706390717
0.0132309199520449
0.0132543300388192
0.013277801105505
0.0133013333590621
0.0133249270073037
0.0133485822589005
0.0133722993233847
0.0133960784111543
0.013419919733477
0.0134438235024947
0.0134677899312274
0.0134918192335773
0.0135159116243335
0.0135400673191759
0.0135642865346795
0.0135885694883187
0.0136129163984718
0.0136373274844252
0.0136618029663776
0.0136863430654448
0.0137109480036638
0.0137356180039973
0.0137603532903382
0.0137851540875141
0.0138100206212918
0.0138349531183817
0.0138599518064427
0.0138850169140863
0.0139101486708816
0.0139353473073597
0.0139606130550187
0.0139859461463279
0.0140113468147327
0.0140368152946596
0.0140623518215206
0.0140879566317181
0.0141136299626497
0.0141393720527132
0.0141651831413112
0.0141910634688562
0.0142170132767753
0.0142430328075153
0.0142691223045477
0.0142952820123736
0.0143215121765286
0.0143478130435883
0.0143741848611727
0.0144006278779518
0.0144271423436508
0.0144537285090548
0.0144803866260144
0.0145071169474505
0.0145339197273602
0.0145607952208212
0.014587743683998
0.0146147653741465
0.0146418605496197
0.0146690294698732
0.0146962723954701
0.0147235895880872
0.0147509813105197
0.0147784478266874
0.0148059894016396
0.0148336063015612
0.0148612987937778
0.0148890671467617
0.0149169116301376
0.014944832514688
0.0149728300723588
0.0150009045762655
0.0150290563006989
0.0150572855211304
0.0150855925142186
0.0151139775578144
0.0151424409309676
0.0151709829139322
0.0151996037881731
0.0152283038363714
0.0152570833424307
0.0152859425914834
0.0153148818698964
0.0153439014652776
0.0153730016664817
0.0154021827636168
0.0154314450480503
0.0154607888124154
0.0154902143506172
0.0155197219578391
0.0155493119305494
0.0155789845665074
0.01560874016477
0.015638579025698
0.0156685014509631
0.0156985077435537
0.0157285982077822
0.0157587731492911
0.0157890328750599
0.0158193776934118
0.0158498079140205
0.0158803238479167
0.015910925807495
0.0159416141065209
0.0159723890601377
0.016003250984873
0.0160342001986462
0.0160652370207751
0.0160963617719832
0.0161275747744064
0.0161588763516007
0.0161902668285487
0.0162217465316672
0.0162533157888143
0.0162849749292966
0.0163167242838768
0.0163485641847805
0.0163804949657042
0.0164125169618223
0.0164446305097947
0.0164768359477743
0.0165091336154147
0.0165415238538774
0.0165740070058401
0.0166065834155035
0.0166392534285999
0.0166720173924001
0.0167048756557221
0.0167378285689381
0.0167708764839831
0.0168040197543623
0.0168372587351594
0.0168705937830444
0.0169040252562819
0.0169375535147389
0.0169711789198935
0.0170049018348423
0.0170387226243093
0.017072641654654
0.0171066592938796
0.0171407759116414
0.0171749918792557
0.0172093075697073
0.0172437233576591
0.0172782396194599
0.0173128567331535
0.0173475750784868
0.0173823950369192
0.0174173169916309
0.0174523413275317
0.0174874684312701
0.0175226986912421
0.0175580324976
0.0175934702422618
0.0176290123189196
0.0176646591230493
0.0177004110519196
0.0177362685046011
0.0177722318819755
0.0178083015867451
0.0178444780234419
0.0178807615984375
0.0179171527199518
0.0179536517980632
0.0179902592447179
0.0180269754737394
0.0180638009008383
0.0181007359436222
0.0181377810216049
0.0181749365562171
0.0182122029708154
0.0182495806906929
0.0182870701430887
0.0183246717571985
0.0183623859641842
0.0184002131971841
0.0184381538913237
0.0184762084837252
0.0185143774135183
0.0185526611218504
0.0185910600518972
0.0186295746488731
0.0186682053600417
0.0187069526347267
0.018745816924322
0.0187847986823031
0.0188238983642376
0.0188631164277959
0.0189024533327624
0.0189419095410462
0.0189814855166926
0.0190211817258936
0.0190609986369993
0.0191009367205293
0.0191409964491839
0.0191811782978552
0.0192214827436388
0.0192619102658451
0.0193024613460109
0.0193431364679111
0.0193839361175701
0.0194248607832736
0.0194659109555807
0.0195070871273352
0.0195483897936781
0.0195898194520591
0.019631376602249
0.0196730617463516
0.0197148753888159
0.0197568180364484
0.0197988901984257
0.0198410923863061
0.019883425114043
0.0199258888979966
0.0199684842569473
0.0200112117121074
0.0200540717871348
0.020097065008145
0.0201401919037246
0.0201834530049436
0.0202268488453691
0.0202703799610779
0.0203140468906697
0.0203578501752805
0.0204017903585957
0.0204458679868637
0.0204900836089092
0.0205344377761467
0.020578931042594
0.0206235639648861
0.0206683371022889
0.0207132510167127
0.0207583062727264
0.0208035034375715
0.0208488430811759
0.0208943257761682
0.0209399520978918
0.020985722624419
0.0210316379365659
0.0210776986179062
0.0211239052547861
0.0211702584363387
0.0212167587544987
0.0212634068040172
0.0213102031824764
0.0213571484903048
0.0214042433307916
0.0214514883101025
0.0214988840372942
0.0215464311243299
0.0215941301860948
0.0216419818404112
0.021689986708054
0.0217381454127665
0.0217864585812756
0.021834926843308
0.0218835508316057
0.0219323311819423
0.0219812685331382
0.0220303635270776
0.0220796168087238
0.0221290290261363
0.0221786008304863
0.0222283328760736
0.0222782258203431
0.0223282803239012
0.0223784970505326
0.0224288766672169
0.0224794198441458
0.0225301272547397
0.0225809995756649
0.0226320374868509
0.022683241671507
0.0227346128161405
0.0227861516105734
0.0228378587479602
0.0228897349248054
0.0229417808409814
0.0229939971997458
0.0230463847077598
0.0230989440751058
0.0231516760153056
0.0232045812453387
0.0232576604856603
0.0233109144602195
0.0233643438964784
0.0234179495254301
0.0234717320816172
0.023525692303151
0.0235798309317303
0.02363414871266
0.0236886463948701
0.0237433247309353
0.023798184477094
0.0238532263932673
0.0239084512430789
0.0239638597938745
0.0240194528167413
0.0240752310865278
0.0241311953818636
0.0241873464851796
0.0242436851827277
0.024300212264601
0.0243569285247542
0.024413834761024
0.0244709317751493
0.024528220372792
0.0245857013635575
0.0246433755610156
0.0247012437827212
0.0247593068502357
0.0248175655891476
0.0248760208290939
0.0249346734037815
0.0249935241510086
0.025052573912686
0.025111823534859
0.0251712738677291
0.0252309257656757
0.0252907800872782
0.025350837695338
0.0254110994569008
0.0254715662432787
0.0255322389300729
0.0255931183971958
0.0256542055288941
0.0257155012137711
0.02577700634481
0.0258387218193965
0.0259006485393421
0.025962787410907
0.026025139344824
0.0260877052563213
0.0261504860651462
0.0262134826955893
0.0262766960765073
0.0263401271413477
0.0264037768281726
0.0264676460796825
0.0265317358432409
0.0265960470708985
0.0266605807194177
0.0267253377502972
0.0267903191297968
0.026855525828962
0.026920958823649
0.0269866190945499
0.027052507627218
0.0271186254120927
0.0271849734445251
0.0272515527248039
0.0273183642581803
0.0273854090548946
0.0274526881302016
0.0275202025043967
0.0275879532028422
0.0276559412559933
0.027724167699425
0.0277926335738579
0.0278613399251854
0.0279302878045003
0.0279994782681216
0.0280689123776214
0.0281385911998523
0.0282085158069745
0.0282786872764833
0.0283491066912363
0.0284197751394812
0.0284906937148837
0.028561863516555
0.0286332856490802
0.0287049612225461
0.0287768913525696
0.0288490771603258
0.0289215197725771
0.028994220321701
0.0290671799457195
0.0291403997883276
0.0292138809989223
0.0292876247326322
0.0293616321503458
0.0294359044187418
0.029510442710318
0.0295852482034211
0.0296603220822765
0.029735665537018
0.029811279763718
0.0298871659644174
0.029963325347156
0.0300397591260026
0.0301164685210858
0.0301934547586246
0.0302707190709588
0.03034826269658
0.0304260868801631
0.0305041928725964
0.0305825819310137
0.0306612553188254
0.0307402143057497
0.0308194601678446
0.0308989941875395
0.0309788176536668
0.0310589318614941
0.0311393381127565
0.0312200377156885
0.0313010319850562
0.0313823222421903
0.0314639098150182
0.0315457960380969
0.0316279822526459
0.0317104698065799
0.0317932600545422
0.0318763543579376
0.0319597540849657
0.0320434606106547
0.0321274753168945
0.0322117995924705
0.0322964348330976
0.0323813824414539
0.0324666438272145
0.0325522204070861
0.032638113604841
0.0327243248513513
0.0328108555846237
0.0328977072498339
0.0329848812993613
0.0330723791928238
0.033160202397113
0.0332483523864288
0.0333368306423148
0.0334256386536935
0.0335147779169018
0.0336042499357263
0.0336940562214388
0.0337841982928324
0.0338746776762568
0.0339654959056545
0.0340566545225968
0.0341481550763198
0.0342399991237604
0.0343321882295932
0.0344247239662664
0.0345176079140383
0.0346108416610144
0.0347044268031835
0.0347983649444548
0.0348926576966948
0.0349873066797643
0.0350823135215553
0.0351776798580282
0.0352734073332493
0.0353694975994279
0.0354659523169538
0.0355627731544349
0.0356599617887345
0.0357575199050095
0.0358554491967476
0.0359537513658056
0.0360524281224468
0.0361514811853798
0.0362509122817957
0.0363507231474067
0.0364509155264844
0.0365514911718978
0.0366524518451519
0.0367537993164258
0.0368555353646116
0.0369576617773525
0.0370601803510819
0.0371630928910615
0.0372664012114206
0.0373701071351945
0.0374742124943632
0.0375787191298908
0.037683628891764
0.0377889436390311
0.0378946652398412
0.0380007955714831
0.0381073365204247
0.0382142899823514
0.0383216578622063
0.0384294420742283
0.0385376445419923
0.0386462671984479
0.0387553119859587
0.0388647808563418
0.038974675770907
0.0390849987004961
0.0391957516255223
0.0393069365360097
0.0394185554316323
0.0395306103217536
0.0396431032254662
0.0397560361716307
0.0398694111989153
0.039983230355835
0.0400974957007914
0.0402122093021115
0.0403273732380872
0.0404429895970147
0.0405590604772335
0.0406755879871661
0.0407925742453565
0.0409100213805102
0.0410279315315326
0.0411463068475685
0.0412651494880411
0.0413844616226908
0.0415042454316144
0.0416245031053038
0.0417452368446848
0.0418664488611559
0.041988141376627
0.0421103166235581
0.0422329768449975
0.0423561242946207
0.0424797612367683
0.0426038899464845
0.0427285127095554
0.0428536318225466
0.0429792495928418
0.04310536833868
0.0432319903891936
0.0433591180844459
0.0434867537754688
0.0436148998242996
0.043743558604019
0.0438727324987875
0.0440024239038825
0.0441326352257353
0.0442633688819677
0.0443946273014279
0.0445264129242276
0.0446587282017776
0.0447915755968238
0.0449249575834832
0.0450588766472789
0.0451933352851764
0.0453283360056176
0.0454638813285566
0.0455999737854942
0.0457366159195124
0.0458738102853085
0.0460115594492294
0.0461498659893053
0.0462887324952833
0.0464281615686607
0.046568155822718
0.0467087178825516
0.0468498503851067
0.0469915559792088
0.0471338373255964
0.0472766970969522
0.0474201379779345
0.0475641626652082
0.0477087738674757
0.047853974305507
0.0479997667121699
0.0481461538324598
0.0482931384235287
0.0484407232547147
0.0485889111075701
0.0487377047758904
0.0488871070657411
0.0490371207954863
0.0491877487958152
0.0493389939097687
0.0494908589927662
0.049643346912631
0.0497964605496157
0.0499502027964276
0.0501045765582529
0.0502595847527809
0.0504152303102275
0.0505715161733586
0.0507284452975122
0.0508860206506213
0.0510442452132351
0.0512031219785402
0.0513626539523811
0.0515228441532805
0.0516836956124591
0.0518452113738537
0.0520073944941368
0.0521702480427333
0.0523337751018388
0.0524979787664357
0.052662862144309
0.052828428356063
0.0529946805351346
0.0531616218278085
0.0533292553932307
0.0534975844034212
0.0536666120432859
0.053836341510629
0.0540067760161633
0.0541779187835205
0.0543497730492609
0.0545223420628818
0.0546956290868257
0.0548696373964878
0.055044370280222
0.0552198310393473
0.0553960229881523
0.0555729494538995
0.0557506137768289
0.0559290193101604
0.0561081694200955
0.0562880674858184
0.0564687168994958
0.0566501210662764
0.0568322834042893
0.0570152073446408
0.0571988963314116
0.0573833538216524
0.0575685832853782
0.0577545882055624
0.0579413720781295
0.0581289384119472
0.0583172907288167
0.0585064325634635
0.0586963674635253
0.0588870989895408
0.0590786307149359
0.05927096622601
0.0594641091219203
0.0596580630146661
0.0598528315290709
0.0600484183027641
0.0602448269861615
0.0604420612424449
0.0606401247475395
0.0608390211900918
0.0610387542714447
0.0612393277056133
0.061440745219257
0.061643010551653
0.0618461274546667
0.0620500996927221
0.0622549310427704
0.0624606252942565
0.0626671862490866
0.0628746177215918
0.0630829235384925
0.0632921075388599
0.0635021735740776
0.0637131255078007
0.0639249672159145
0.0641377025864908
0.064351335519744
0.0645658699279847
0.0647813097355728
0.0649976588788686
0.0652149213061828
0.0654331009777244
0.0656522018655486
0.0658722279535014
0.0660931832371643
0.0663150717237961
0.0665378974322746
0.0667616643930355
0.0669863766480108
0.0672120382505648
0.0674386532654292
0.0676662257686361
0.0678947598474501
0.0681242596002975
0.0683547291366959
0.0685861725771798
0.0688185940532269
0.0690519977071804
0.0692863876921722
0.0695217681720419
0.0697581433212558
0.0699955173248237
0.070233894378214
0.0704732786872667
0.0707136744681053
0.0709550859470466
0.0711975173605086
0.071440972954917
0.0716854569866097
0.0719309737217394
0.0721775274361747
0.0724251224153992
0.0726737629544084
0.0729234533576057
0.0731741979386957
0.0734260010205759
0.0736788669352267
0.0739328000235992
0.0741878046355015
0.074443885129483
0.0747010458727162
0.0749592912408777
0.0752186256180263
0.0754790533964794
0.0757405789766883
0.0760032067671099
0.0762669411840779
0.076531786651672
0.0767977476015834
0.077064828472981
0.077333033712373
0.0776023677734688
0.077872835117037
0.0781444402107624
0.0784171875291012
0.0786910815531336
0.0789661267704143
0.0792423276748217
0.0795196887664042
0.0797982145512258
0.0800779095412078
0.0803587782539699
0.0806408252126688
0.0809240549458351
0.0812084719872072
0.0814940808755643
0.0817808861545568
0.0820688923725347
0.0823581040823737
0.0826485258413002
0.0829401622107127
0.0832330177560029
0.0835270970463734
0.0838224046546542
0.0841189451571162
0.0844167231332841
0.0847157431657463
0.0850160098399623
0.0853175277440693
0.0856203014686864
0.0859243356067159
0.0862296347531436
0.0865362035048368
0.0868440464603406
0.0871531682196709
0.0874635733841074
0.087775266555983
0.0880882523384723
0.0884025353353771
0.0887181201509111
0.0890350113894816
0.0893532136554703
0.0896727315530111
0.0899935696857669
0.0903157326567038
0.0906392250678643
0.0909640515201373
0.0912902166130278
0.0916177249444234
0.0919465811103597
0.0922767897047841
0.0926083553193167
0.0929412825430108
0.0932755759621105
0.0936112401598077
0.0939482797159959
0.0942866992070235
0.0946265032054448
0.0949676962797701
0.0953102829942128
0.095654267908436
0.0959996555772969
0.0963464505505906
0.0966946573727904
0.0970442805827886
0.0973953247136346
0.0977477942922718
0.0981016938392729
0.0984570278685745
0.0988138008872087
0.0991720173950354
0.099531681884471
0.0998927988402178
0.10025537273899
0.100619408049243
0.100984909230891
0.101351880735039
0.101720327003699
0.102090252469513
0.102461661555473
0.10283455867464
0.103208948229863
0.10358483461349
0.103962222207094
0.104341115381178
0.104721518494894
0.105103435895754
0.105486871919345
0.105871830889036
0.106258317115694
0.106646334897388
0.107035888519102
0.107426982252443
0.107819620355347
0.108213807071789
0.108609546631488
0.109006843249612
0.109405701126487
0.109806124447301
0.110208117381807
0.11061168408403
0.111016828691971
0.111423555327311
0.111831868095115
0.112241771083534
0.112653268363511
0.113066363988485
0.113481061994092
0.11389736639787
0.114315281198962
0.114734810377823
0.115155957895918
0.115578727695433
0.116003123698973
0.116429149809271
0.116856809908892
0.117286107859939
0.117717047503757
0.118149632660642
0.118583867129546
0.119019754687786
0.119457299090751
0.119896504071614
0.120337373341036
0.120779910586885
0.121224119473937
0.121670003643599
0.122117566713613
0.122566812277778
0.123017743905658
0.123470365142306
0.123924679507976
0.124380690497844
0.124838401581727
0.125297816203806
0.125758937782349
0.126221769709433
0.126686315350671
0.127152578044939
0.127620561104106
0.128090267812762
0.128561701427951
0.129034865178907
0.129509762266787
0.129986395864407
0.130464769115986
0.130944885136883
0.131426747013342
0.131910357802238
0.132395720530821
0.132882838196469
0.133371713766439
0.133862350177617
0.13435475033628
0.134848917117849
0.135344853366654
0.135842561895694
0.136342045486404
0.136843306888424
0.137346348819367
0.137851173964596
0.138357784976996
0.138866184476755
0.139376375051146
0.139888359254309
0.140402139607038
0.140917718596574
0.141435098676394
0.141954282266007
0.142475271750756
0.142998069481616
0.143522677775001
0.14404909891257
0.144577335141039
0.145107388671998
0.14563926168172
0.146172956310993
0.146708474664935
0.147245818812825
0.147784990787934
0.148325992587356
0.148868826171851
0.14941349346568
0.149959996356453
0.150508336694975
0.151058516295101
0.151610536933585
0.152164400349945
0.152720108246322
0.153277662287346
0.153837064100007
0.154398315273528
0.154961417359241
0.15552637187047
0.156093180282414
0.156661844032035
0.157232364517955
0.157804743100344
0.158378981100829
0.15895507980239
0.159533040449274
0.160112864246904
0.160694552361793
0.161278105921469
0.161863526014391
0.162450813689886
0.16303996995807
0.163630995789792
0.16422389211657
0.164818659830535
0.165415299784377
0.166013812791301
0.166614199624977
0.167216461019504
0.167820597669372
0.168426610229429
0.169034499314855
0.169644265501134
0.170255909324039
0.17086943127961
0.17148483182415
0.172102111374206
0.172721270306575
0.173342308958299
0.173965227626669
0.174590026569236
0.175216706003818
0.175845266108523
0.176475707021761
0.177108028842274
0.177742231629163
0.178378315401917
0.179016280140451
0.179656125785146
0.18029785223689
0.18094145935713
0.181586946967919
0.182234314851975
0.182883562752735
0.183534690374423
0.184187697382115
0.184842583401807
0.185499348020494
0.186157990786242
0.186818511208274
0.187480908757055
0.188145182864378
0.188811332923459
0.189479358289032
0.190149258277451
0.190821032166788
0.191494679196946
0.192170198569765
0.192847589449138
0.193526850961125
0.194207982194077
0.194890982198758
0.195575849988472
0.196262584539195
0.196951184789706
0.197641649641726
0.198333977960058
0.199028168572727
0.199724220271134
0.200422131810194
0.2011219019085
0.20182352924847
0.202527012476509
0.203232350203169
0.203939541003317
0.204648583416295
0.205359475946095
0.206072217061529
0.206786805196407
0.207503238749712
0.208221516085781
0.20894163553449
0.209663595391438
0.210387393918134
0.21111302934219
0.211840499857513
0.212569803624501
0.213300938770239
0.214033903388699
0.214768695540945
0.215505313255335
0.216243754527727
0.216984017321689
0.21772609956871
0.21846999916841
0.219215713988759
0.219963241866288
0.220712580606312
0.221463727983148
0.222216681740338
0.222971439590873
0.223727999217414
0.224486358272526
0.225246514378903
0.226008465129596
0.226772208088249
0.227537740789329
0.228305060738362
0.229074165412167
0.229845052259097
0.230617718699273
0.231392162124825
0.232168379900136
0.232946369362078
0.233726127820262
0.234507652557273
0.235290940828927
0.236075989864504
0.236862796867006
0.237651359013397
0.238441673454856
0.239233737317026
0.240027547700258
0.240823101679873
0.241620396306403
0.242419428605848
0.243220195579926
0.244022694206331
0.244826921438978
0.245632874208267
0.246440549421327
0.24724994396228
0.248061054692488
0.248873878450815
0.249688412053876
0.250504652296299
0.251322595950974
0.252142239769315
0.252963580481511
0.253786614796785
0.254611339403648
0.255437750970157
0.256265846144167
0.257095621553591
0.257927073806652
0.25876019949214
0.259594995179666
0.260431457419916
0.26126958274491
0.262109367668248
0.262950808685371
0.26379390227381
0.264638644893443
0.265485032986739
0.266333062979021
0.267182731278707
0.268034034277569
0.268886968350977
0.269741529858151
0.27059771514241
0.27145552053142
0.272314942337441
0.273175976857572
0.274038620374
0.274902869154243
0.275768719451396
0.27663616750437
0.277505209538141
0.278375841763985
0.279248060379724
0.280121861569961
0.280997241506323
0.281874196347695
0.282752722240458
0.283632815318726
0.284514471704577
0.285397687508292
0.286282458828579
0.287168781752813
0.288056652357258
0.288946066707304
0.289837020857685
0.290729510852713
0.291623532726501
0.292519082503186
0.293416156197149
0.294314749813244
0.295214859347007
0.296116480784886
0.297019610104449
0.297924243274607
0.298830376255823
0.299738005000329
0.300647125452334
0.301557733548239
0.302469825216843
0.30338339637955
0.304298442950576
0.305214960837155
0.30613294593974
0.307052394152204
0.307973301362044
0.308895663450575
0.309819476293128
0.31074473575925
0.311671437712891
0.312599578012602
0.313529152511724
0.314460157058578
0.31539258749665
0.31632643966478
0.317261709397348
0.318198392524453
0.319136484872097
0.320075982262365
0.321016880513601
0.321959175440589
0.322902862854723
0.323847938564183
0.324794398374109
0.325742238086763
0.326691453501711
0.327642040415977
0.328593994624213
0.329547311918867
0.330501988090338
0.33145801892714
0.33241540021606
0.333374127742317
0.334334197289713
0.335295604640792
0.33625834557699
0.337222415878781
0.338187811325834
0.339154527697156
0.340122560771237
0.341091906326194
0.342062560139916
0.343034517990201
0.3440077756549
0.344982328912045
0.345958173539998
0.346935305317574
0.34791372002418
0.348893413439941
0.349874381345835
0.350856619523814
0.351840123756936
0.352824889829485
0.353810913527099
0.354798190636886
0.355786716947544
0.356776488249485
0.357767500334944
0.358759748998097
0.359753230035175
0.360747939244577
0.361743872426974
0.362741025385426
0.363739393925482
0.364738973855291
0.3657397609857
0.366741751130362
0.367744940105834
0.368749323731676
0.369754897830551
0.370761658228321
0.371769600754137
0.372778721240539
0.373789015523546
0.374800479442742
0.37581310884137
0.376826899566417
0.377841847468702
0.378857948402956
0.37987519822791
0.380893592806375
0.381913128005318
0.382933799695947
0.383955603753787
0.38497853605875
0.386002592495218
0.387027768952109
0.388054061322953
0.389081465505962
0.390109977404094
0.391139592925131
0.392170307981729
0.393202118491502
0.39423502037707
0.395269009566129
0.396304081991512
0.397340233591243
0.3983774603086
0.399415758092173
0.400455122895914
0.401495550679197
0.402537037406868
0.4035795790493
0.404623171582437
0.405667810987852
0.406713493252789
0.40776021437021
0.408807970338846
0.409856757163234
0.410906570853767
0.411957407426731
0.413009262904349
0.414062133314818
0.415116014692352
0.416170903077213
0.417226794515752
0.418283685060443
0.419341570769917
0.420400447708992
0.421460311948708
0.422521159566358
0.423582986645512
0.424645789276054
0.425709563554202
0.426774305582533
0.427840011470021
0.428906677332042
0.429974299290411
0.4310428734734
0.432112396015757
0.433182863058731
0.434254270750081
0.435326615244105
0.436399892701649
0.437474099290129
0.438549231183538
0.439625284562467
0.440702255614116
0.441780140532302
0.442858935517475
0.443938636776725
0.445019240523794
0.446100742979078
0.447183140369642
0.448266428929221
0.449350604898227
0.45043566452375
0.451521604059568
0.452608419766145
0.453696107910635
0.454784664766878
0.455874086615407
0.456964369743444
0.458055510444894
0.459147505020348
0.46024034977708
0.461334041029036
0.462428575096835
0.463523948307761
0.464620156995757
0.465717197501415
0.466815066171967
0.467913759361284
0.469013273429853
0.470113604744773
0.471214749679747
0.472316704615062
0.473419465937581
0.474523030040724
0.47562739332446
0.476732552195286
0.477838503066212
0.478945242356744
0.480052766492865
0.481161071907021
0.482270155038096
0.483380012331394
0.484490640238622
0.485602035217859
0.486714193733544
0.487827112256449
0.488940787263652
0.490055215238518
0.491170392670668
0.492286316055962
0.493402981896464
0.494520386700416
0.495638526982215
0.496757399262382
0.497877000067531
0.498997325930337
0.500118373389512
0.501240138989773
0.502362619281798
0.503485810822215
0.504609710173545
0.505734313904186
0.506859618588367
0.507985620806122
0.509112317143247
0.510239704191265
0.511367778547391
0.51249653681449
0.513625975601045
0.51475609152111
0.515886881194276
0.517018341245628
0.518150468305702
0.519283259010447
0.520416710001185
0.521550817924555
0.522685579432487
0.523820991182142
0.524957049835879
0.526093752061201
0.527231094530714
0.528369073922077
0.529507686917955
0.530646930205973
0.531786800478663
0.532927294433423
0.534068408772454
0.535210140202719
0.536352485435891
0.537495441188299
0.538639004180871
0.539783171139091
0.540927938792936
0.542073303876829
0.543219263129573
0.544365813294308
0.545512951118447
0.546660673353617
0.547808976755608
0.548957858084312
0.550107314103661
0.55125734158157
0.552407937289877
0.553559098004281
0.554710820504279
0.555863101573108
0.557015937997677
0.558169326568504
0.559323264079657
0.560477747328684
0.561632773116545
0.562788338247553
0.563944439529303
0.5651010737726
0.566258237791398
0.567415928402728
0.568574142426622
0.569732876686056
0.570892128006865
0.572051893217679
0.573212169149847
0.574372952637365
0.575534240516798
0.576696029627213
0.577858316810095
0.579021098909274
0.580184372770852
0.581348135243111
0.582512383176454
0.583677113423309
0.584842322838058
0.58600800827695
0.587174166598021
0.588340794661015
0.589507889327299
0.590675447459767
0.591843465922774
0.593011941582037
0.594180871304551
0.595350251958498
0.59652008041317
0.597690353538861
0.598861068206793
0.600032221289016
0.601203809658316
0.602375830188124
0.603548279752423
0.604721155225647
0.605894453482593
0.607068171398316
0.608242305848031
0.609416853707026
0.610591811850545
0.611767177153698
0.612942946491357
0.614119116738049
0.615295684767852
0.616472647454296
0.617650001670247
0.618827744287808
0.620005872178205
0.621184382211679
0.622363271257375
0.623542536183226
0.624722173855844
0.625902181140408
0.62708255490054
0.628263291998192
0.629444389293527
0.630625843644803
0.631807651908245
0.632989810937929
0.634172317585656
0.635355168700825
0.636538361130307
0.637721891718321
0.6389057573063
0.640089954732764
0.641274480833183
0.642459332439853
0.643644506381746
0.644829999484384
0.6460158085697
0.647201930455895
0.648388361957293
0.649575099884211
0.650762141042794
0.651949482234887
0.653137120257878
0.654325051904544
0.655513273962911
0.656701783216086
0.657890576442114
0.65907965041381
0.660269001898606
0.66145862765839
0.662648524449336
0.663838689021748
0.665029118119884
0.666219808481789
0.667410756839125
0.668601959916999
0.669793414433775
0.670985117100919
0.672177064622786
0.67336925369647
0.674561681011595
0.675754343250133
0.676947237086225
0.678140359185971
0.679333706207245
0.680527274799495
0.681721061603545
0.68291506325138
0.684109276365957
0.685303697560983
0.686498323440706
0.68769315059971
0.688888175622677
0.690083395084188
0.691278805548484
0.692474403569244
0.693670185689361
0.694866148440696
0.69606228834385
0.697258601907924
0.698455085630268
0.699651735996241
0.700848549478958
0.702045522539033
0.703242651624325
0.704439933169672
0.705637363596626
0.706834939313183
0.708032656713512
0.709230512177669
0.710428502071325
0.711626622745467
0.712824870536114
0.714023241764028
0.715221732734397
0.71642033973654
0.7176190590436
0.718817886912219
0.720016819582231
0.72121585327632
0.722414984199709
0.723614208539816
0.724813522465901
0.726012922128744
0.727212403660271
0.72841196317321
0.72961159676072
0.730811300496021
0.732011070432021
0.73321090260093
0.734410793013879
0.735610737660514
0.736810732508592
0.73801077350359
0.739210856568268
0.740410977602257
0.74161113248162
0.742811317058427
0.744011527160288
0.745211758589921
0.746412007124676
0.747612268516061
0.748812538489282
0.750012812742729
0.751213086947506
0.752413356746902
0.753613617755892
0.754813865560605
0.756014095717796
0.757214303754291
0.758414485166437
0.759614635419551
0.760814749947318
0.762014824151228
0.763214853399965
0.764414833028804
0.765614758338982
0.766814624597074
0.768014427034346
0.769214160846083
0.770413821190942
0.771613403190241
0.772812901927283
0.774012312446626
0.775211629753374
0.776410848812413
0.777609964547668
0.778808971841341
0.780007865533103
0.781206640419288
0.7824052912521
0.783603812738741
0.784802199540574
0.786000446272242
0.787198547500781
0.7883964977447
0.789594291473057
0.790791923104499
0.79198938700629
0.793186677493333
0.794383788827131
0.795580715214763
0.79677745080782
0.797973989701321
0.799170325932604
0.800366453480179
0.80156236626259
0.80275805813721
0.803953522899037
0.805148754279447
0.806343745944923
0.807538491495762
0.808732984464727
0.809927218315707
0.8111211864423
0.812314882166407
0.813508298736738
0.814701429327357
0.815894267036095
0.817086804883036
0.818279035808851
0.819470952673196
0.820662548252979
0.821853815240654
0.82304474624244
0.824235333776476
0.825425570270987
0.826615448062342
0.827804959393093
0.828994096409961
0.0859529075843915
0.0856898252094412
0.0854282778820315
0.0851682504600976
0.0849097280261562
0.084652695882768
0.0843971395481165
0.0841430447516994
0.08389039743013
0.0836391837230438
0.0833893899691086
0.0831410027021335
0.0828940086472759
0.08264839471734
0.0824041480091682
0.0821612558001199
0.0819197055446358
0.0816794848708852
0.0814405815774946
0.0812029836303539
0.0809666791594982
0.0807316564560652
0.0804979039693219
0.0802654103037627
0.0800341642162749
0.0798041546133689
0.0795753705484738
0.079347801219294
0.0791214359652262
0.0788962642648363
0.0786722757333922
0.0784494601204521
0.0782278073075076
0.0780073073056791
0.0777879502534617
0.0775697264145218
0.0773526261755411
0.0771366400441088
0.0769217586466589
0.0767079727264524
0.0764952731416028
0.0762836508631447
0.0760730969731427
0.0758636026628408
0.0756551592308516
0.0754477580813823
0.0752413907224994
0.0750360487644286
0.0748317239178903
0.0746284079924694
0.0744260928950189
0.0742247706280965
0.0740244332884318
0.0738250730654262
0.0736266822396827
0.0734292531815642
0.0732327783497824
0.0730372502900135
0.0728426616335424
0.0726490050959328
0.0724562734757241
0.0722644596531543
0.0720735565889066
0.0718835573228811
0.0716944549729906
0.0715062427339793
0.0713189138762637
0.0711324617447967
0.0709468797579524
0.0707621614064325
0.0705783002521935
0.0703952899273936
0.0702131241333599
0.0700317966395742
0.0698513012826782
0.0696716319654972
0.0694927826560813
0.0693147473867643
0.06913752025324
0.0689610954136559
0.0687854670877217
0.0686106295558358
0.0684365771582261
0.0682633042941074
0.0680908054208525
0.0679190750531792
0.0677481077623514
0.0675778981753938
0.067408440974321
0.0672397308953802
0.0670717627283063
0.0669045313155909
0.0667380315517632
0.0665722583826843
0.0664072068048521
0.0662428718647198
0.0660792486580249
0.0659163323291298
0.0657541180703742
0.0655926011214374
0.0654317767687122
0.0652716403446893
0.0651121872273505
0.0649534128395747
0.0647953126485511
0.0646378821652034
0.0644811169436234
0.064325012580514
0.0641695647146406
0.0640147690262919
0.0638606212367498
0.0637071171077675
0.0635542524410556
0.063402023077777
0.0632504248980504
0.06309945382046
0.0629491058015749
0.0627993768354749
0.0626502629532846
0.0625017602227135
0.0623538647476052
0.0622065726674919
0.0620598801571574
0.0619137834262049
0.0617682787186336
0.0616233623124208
0.0614790305191099
0.0613352796834058
0.061192106182776
0.0610495064270574
0.0609074768580698
0.0607660139492344
0.060625114205199
0.0604847741614681
0.0603449903840386
0.0602057594690413
0.0600670780423876
0.0599289427594209
0.0597913503045745
0.0596542973910325
0.0595177807603979
0.0593817971823639
0.0592463434543905
0.0591114164013865
0.0589770128753948
0.0588431297552833
0.05870976394644
0.0585769123804721
0.0584445720149099
0.0583127398329145
0.0581814128429903
0.0580505880787005
0.0579202625983879
0.0577904334848989
0.057661097845311
0.0575322528106653
0.0574038955357015
0.0572760231985976
0.0571486330007123
0.0570217221663319
0.0568952879424199
0.0567693275983705
0.0566438384257653
0.0565188177381335
0.056394262870715
0.0562701711802274
0.0561465400446352
0.0560233668629232
0.0559006490548721
0.0557783840608375
0.055656569341532
0.0555352023778094
0.0554142806704533
0.0552938017399671
0.0551737631263669
0.0550541623889784
0.054934997106235
0.0548162648754793
0.054697963312767
0.0545800900526736
0.0544626427481035
0.0543456190701009
0.0542290167076647
0.0541128333675641
0.0539970667741579
0.0538817146692151
0.0537667748117387
0.0536522449777907
0.053538122960321
0.0534244065689961
0.0533110936300325
0.0531981819860303
0.0530856694958097
0.0529735540342497
0.0528618334921285
0.0527505057759657
0.0526395688078671
0.0525290205253711
0.0524188588812967
0.0523090818435937
0.052199687395195
0.0520906735338704
0.0519820382720818
0.0518737796368412
0.0517658956695694
0.051658384425957
0.0515512439758271
0.0514444724029994
0.051338067805156
0.0512320282937088
0.051126351993669
0.0510210370435172
0.050916081595076
0.0508114838133835
0.0507072418765686
0.0506033539757277
0.0504998183148028
0.0503966331104611
0.0502937965919764
0.0501913070011106
0.0500891625919988
0.0499873616310332
0.0498859023967504
0.049784783179719
0.0496840022824285
0.0495835580191802
0.0494834487159784
0.0493836727104234
0.049284228351606
0.0491851140000025
0.0490863280273713
0.048987868816651
0.0488897347618589
0.048791924267991
0.0486944357509238
0.0485972676373159
0.0485004183645118
0.0484038863804464
0.0483076701435504
0.0482117681226569
0.0481161787969095
0.0480209006556703
0.0479259321984302
0.0478312719347194
0.047736918384019
0.0476428700756738
0.0475491255488062
0.04745568335223
0.0473625420443669
0.0472697001931622
0.0471771563760025
0.0470849091796341
0.0469929572000817
0.0469012990425687
0.0468099333214382
0.0467188586600746
0.0466280736908261
0.0465375770549281
0.0464473674024279
0.046357443392109
0.0462678036914176
0.0461784469763889
0.0460893719315745
0.0460005772499708
0.0459120616329477
0.0458238237901785
0.0457358624395702
0.0456481763071946
0.0455607641272205
0.0454736246418457
0.0453867566012312
0.0453001587634342
0.0452138298943434
0.0451277687676144
0.0450419741646053
0.0449564448743135
0.0448711796933135
0.0447861774256942
0.044701436882998
0.0446169568841599
0.0445327362554473
0.0444487738304004
0.0443650684497736
0.0442816189614769
0.0441984242205182
0.0441154830889462
0.044032794435794
0.0439503571370227
0.0438681700754662
0.0437862321407765
0.0437045422293689
0.0436230992443687
0.0435419020955574
0.0434609496993206
0.0433802409785952
0.0432997748628181
0.0432195502878748
0.0431395661960488
0.0430598215359715
0.0429803152625724
0.0429010463370298
0.0428220137267223
0.0427432164051806
0.0426646533520394
0.0425863235529901
0.0425082259997345
0.0424303596899378
0.0423527236271827
0.0422753168209243
0.0421981382864447
0.0421211870448083
0.0420444621228177
0.0419679625529701
0.0418916873734135
0.0418156356279042
0.0417398063657638
0.0416641986418373
0.0415888115164514
0.041513644055373
0.0414386953297684
0.0413639644161623
0.041289450396398
0.0412151523575978
0.0411410693921227
0.0410672005975342
0.0409935450765549
0.0409201019370306
0.0408468702918923
0.040773849259118
0.0407010379616959
0.0406284355275875
0.0405560410896906
0.0404838537858032
0.0404118727585875
0.0403400971555343
0.0402685261289279
0.0401971588358107
0.040125994437949
0.0400550321017982
0.0399842709984691
0.039913710303694
0.0398433491977936
0.0397731868656432
0.0397032224966408
0.0396334552846736
0.0395638844280864
0.0394945091296498
0.0394253285965279
0.0393563420402471
0.0392875486766657
0.0392189477259421
0.0391505384125047
0.0390823199650217
0.039014291616371
0.0389464526036104
0.0388788021679482
0.0388113395547138
0.0387440640133288
0.0386769747972785
0.0386100711640832
0.03854335237527
0.038476817696345
0.0384104663967652
0.0383442977499114
0.0382783110330608
0.0382125055273598
0.0381468805177978
0.0380814352931798
0.0380161691461007
0.0379510813729191
0.0378861712737313
0.0378214381523455
0.0377568813162568
0.0376925000766216
0.0376282937482329
0.037564261649495
0.0375004031023997
0.0374367174325012
0.0373732039688922
0.0373098620441801
0.0372466909944631
0.0371836901593066
0.0371208588817197
0.0370581965081325
0.0369957023883726
0.0369333758756426
0.0368712163264975
0.0368092231008221
0.0367473955618092
0.036685733075937
0.0366242350129477
0.0365629007458256
0.0365017296507756
0.0364407211072021
0.0363798744976877
0.036319189207972
0.0362586646269313
0.0361983001465577
0.0361380951619385
0.0360780490712362
0.0360181612756683
0.035958431179487
0.0358988581899599
0.0358394417173501
0.0357801811748967
0.0357210759787958
0.0356621255481805
0.035603329305103
0.0355446866745149
0.0354861970842488
0.0354278599649997
0.0353696747503068
0.0353116408765347
0.0352537577828558
0.0351960249112321
0.0351384417063975
0.0350810076158398
0.0350237220897835
0.0349665845811723
0.0349095945456515
0.0348527514415513
0.0347960547298697
0.0347395038742555
0.0346830983409914
0.0346268375989778
0.0345707211197161
0.0345147483772923
0.0344589188483608
0.0344032320121284
0.0343476873503384
0.0342922843472544
0.0342370224896449
0.0341819012667677
0.034126920170354
0.0340720786945936
0.0340173763361193
0.033962812593992
0.0339083869696853
0.033854098967071
0.0337999480924042
0.0337459338543085
0.0336920557637616
0.0336383133340808
0.0335847060809086
0.0335312335221984
0.0334778951782007
0.0334246905714488
0.0333716192267448
0.0333186806711462
0.0332658744339519
0.0332132000466884
0.0331606570430969
0.0331082449591193
0.0330559633328854
0.0330038117046992
0.0329517896170263
0.0328998966144805
0.0328481322438111
0.0327964960538902
0.0327449875956996
0.0326936064223186
0.0326423520889113
0.032591224152714
0.0325402221730232
0.032489345711183
0.0324385943305733
0.0323879675965974
0.0323374650766701
0.032287086340206
0.0322368309586075
0.0321866985052531
0.0321366885554858
0.0320868006866015
0.0320370344778376
0.0319873895103615
0.0319378653672596
0.0318884616335255
0.0318391778960496
0.0317900137436073
0.0317409687668485
0.0316920425582868
0.031643234712288
0.0315945448250602
0.0315459724946425
0.0314975173208946
0.0314491789054866
0.031400956851888
0.0313528507653576
0.0313048602529335
0.0312569849234222
0.0312092243873892
0.0311615782571484
0.0311140461467521
0.0310666276719816
0.0310193224503365
0.0309721301010258
0.0309250502449575
0.0308780825047292
0.0308312265046184
0.0307844818705733
0.0307378482302028
0.0306913252127677
0.0306449124491709
0.0305986095719484
0.0305524162152599
0.0305063320148799
0.0304603566081885
0.0304144896341625
0.0303687307333662
0.0303230795479427
0.0302775357216054
0.0302320988996283
0.0301867687288384
0.0301415448576063
0.0300964269358381
0.0300514146149664
0.0300065075479422
0.0299617053892264
0.0299170077947814
0.0298724144220628
0.0298279249300113
0.0297835389790444
0.0297392562310481
0.0296950763493692
0.0296509989988072
0.0296070238456059
0.0295631505574463
0.0295193788034377
0.0294757082541111
0.0294321385814103
0.029388669458685
0.0293453005606829
0.029302031563542
0.0292588621447831
0.0292157919833023
0.0291728207593639
0.0291299481545924
0.0290871738519656
0.0290444975358072
0.0290019188917793
0.0289594376068757
0.0289170533694142
0.02887476586903
0.0288325747966683
0.0287904798445772
0.0287484807063013
0.0287065770766741
0.0286647686518115
0.0286230551291048
0.0285814362072144
0.0285399115860621
0.0284984809668253
0.0284571440519301
0.0284159005450443
0.0283747501510714
0.0283336925761437
0.028292727527616
0.0282518547140589
0.0282110738452529
0.0281703846321814
0.028129786787025
0.0280892800231548
0.0280488640551263
0.0280085385986733
0.0279683033707015
0.0279281580892828
0.0278881024736486
0.0278481362441845
0.0278082591224237
0.0277684708310412
0.0277287710938482
0.0276891596357858
0.0276496361829192
0.0276102004624322
0.0275708522026212
0.0275315911328892
0.0274924169837408
0.0274533294867759
0.0274143283746842
0.0273754133812398
0.0273365842412956
0.0272978406907776
0.0272591824666796
0.0272206093070575
0.0271821209510243
0.0271437171387443
0.0271053976114278
0.0270671621113261
0.0270290103817259
0.0269909421669441
0.0269529572123227
0.0269150552642235
0.026877236070023
0.0268394993781071
0.0268018449378665
0.0267642724996908
0.0267267818149644
0.0266893726360609
0.0266520447163383
0.0266147978101339
0.02657763167276
0.026540546060498
0.0265035407305946
0.0264666154412562
0.0264297699516446
0.026393004021872
0.0263563174129962
0.0263197098870163
0.0262831812068675
0.0262467311364169
0.0262103594404585
0.0261740658847089
0.0261378502358028
0.0261017122612879
0.0260656517296213
0.0260296684101642
0.0259937620731778
0.025957932489819
0.0259221794321357
0.0258865026730626
0.025850901986417
0.0258153771468941
0.025779927930063
0.0257445541123623
0.025709255471096
0.0256740317844293
0.0256388828313839
0.0256038083918346
0.0255688082465048
0.025533882176962
0.0254990299656146
0.0254642513957068
0.0254295462513153
0.0253949143173452
0.0253603553795256
0.025325869224406
0.0252914556393521
0.025257114412542
0.0252228453329625
0.0251886481904048
0.025154522775461
0.0251204688795199
0.0250864862947635
0.0250525748141632
0.0250187342314759
0.0249849643412402
0.0249512649387729
0.0249176358201649
0.0248840767822782
0.0248505876227414
0.0248171681399467
0.0247838181330461
0.0247505374019477
0.024717325747312
0.0246841829705489
0.0246511088738134
0.0246181032600029
0.0245851659327528
0.024552296696434
0.0245194953561486
0.0244867617177269
0.024454095587724
0.0244214967734162
0.0243889650827979
0.0243565003245778
0.0243241023081761
0.0242917708437206
0.0242595057420441
0.0242273068146805
0.0241951738738618
0.0241631067325147
0.0241311052042578
0.0240991691033979
0.024067298244927
0.0240354924445191
0.0240037515185272
0.02397207528398
0.0239404635585787
0.0239089161606941
0.0238774329093635
0.0238460136242875
0.023814658125827
0.0237833662350003
0.0237521377734799
0.0237209725635895
0.0236898704283012
0.0236588311912325
0.023627854676643
0.023596940709432
0.0235660891151354
0.0235352997199224
0.0235045723505933
0.0234739068345761
0.0234433029999238
0.0234127606753117
0.0233822796900345
0.0233518598740033
0.0233215010577432
0.0232912030723902
0.0232609657496885
0.0232307889219879
0.023200672422241
0.0231706160840003
0.0231406197414158
0.0231106832292322
0.0230808063827861
0.0230509890380036
0.0230212310313975
0.0229915322000646
0.0229618923816832
0.0229323114145105
0.0229027891373801
0.0228733253896992
0.0228439200114463
0.0228145728431684
0.0227852837259787
0.022756052501554
0.0227268790121321
0.0226977631005096
0.0226687046100391
0.0226397033846268
0.0226107592687303
0.0225818721073558
0.0225530417460562
0.022524268030928
0.0224955508086095
0.0224668899262781
0.022438285231648
0.022409736572968
0.0223812437990188
0.0223528067591111
0.022324425303083
0.0222960992812976
0.0222678285446412
0.0222396129445204
0.0222114523328602
0.0221833465621017
0.0221552954851998
0.0221272989556209
0.0220993568273408
0.0220714689548425
0.0220436351931138
0.0220158553976455
0.0219881294244287
0.021960457129953
0.0219328383712045
0.021905273005663
0.0218777608913006
0.0218503018865792
0.0218228958504483
0.0217955426423434
0.0217682421221832
0.0217409941503681
0.021713798587778
0.0216866552957699
0.0216595641361765
0.0216325249713035
0.021605537663928
0.0215786020772964
0.0215517180751223
0.0215248855215846
0.0214981042813256
0.0214713742194487
0.0214446952015169
0.0214180670935504
0.021391489762025
0.0213649630738701
0.0213384868964666
0.021312061097645
0.0212856855456839
0.0212593601093077
0.0212330846576848
0.0212068590604257
0.0211806831875814
0.0211545569096411
0.0211284800975308
0.0211024526226113
0.0210764743566761
0.0210505451719501
0.0210246649410874
0.0209988335371697
0.0209730508337044
0.0209473167046228
0.0209216310242785
0.0208959936674454
0.0208704045093163
0.0208448634255008
0.0208193702920236
0.0207939249853231
0.0207685273822493
0.0207431773600624
0.0207178747964307
0.0206926195694295
0.0206674115575388
0.020642250639642
0.0206171366950242
0.0205920696033704
0.020567049244764
0.0205420754996852
0.0205171482490088
0.0204922673740036
0.0204674327563299
0.0204426442780383
0.0204179018215679
0.0203932052697451
0.0203685545057814
0.0203439494132723
0.0203193898761957
0.0202948757789099
0.0202704070061528
0.0202459834430395
0.0202216049750616
0.0201972714880849
0.0201729828683484
0.0201487390024626
0.020124539777408
0.0201003850805337
0.0200762747995557
0.0200522088225554
0.0200281870379786
0.0200042093346334
0.0199802756016891
0.0199563857286746
0.0199325396054772
0.0199087371223407
0.0198849781698644
0.0198612626390015
0.0198375904210575
0.0198139614076891
0.0197903754909027
0.0197668325630529
0.0197433325168411
0.0197198752453141
0.0196964606418631
0.0196730886002216
0.0196497590144648
0.0196264717790076
0.0196032267886038
0.0195800239383442
0.0195568631236558
0.0195337442402999
0.0195106671843714
0.0194876318522969
0.0194646381408338
0.0194416859470686
0.0194187751684162
0.0193959057026178
0.0193730774477403
0.0193502903021747
0.0193275441646348
0.019304838934156
0.0192821745100941
0.0192595507921239
0.0192369676802381
0.0192144250747457
0.0191919228762715
0.0191694609857539
0.0191470393044443
0.019124657733906
0.0191023161760124
0.019080014532946
0.0190577527071977
0.0190355306015648
0.0190133481191504
0.0189912051633618
0.0189691016379098
0.018947037446807
0.0189250124943668
0.0189030266852026
0.0188810799242259
0.0188591721166459
0.0188373031679679
0.0188154729839923
0.0187936814708133
0.0187719285348179
0.0187502140826851
0.0187285380213838
0.018706900258173
0.0186853007005994
0.0186637392564972
0.0186422158339867
0.018620730341473
0.0185992826876452
0.0185778727814752
0.0185565005322166
0.0185351658494035
0.0185138686428497
0.0184926088226475
0.0184713862991665
0.0184502009830527
0.0184290527852274
0.0184079416168863
0.0183868673894981
0.0183658300148038
0.0183448294048154
0.0183238654718152
0.0183029381283543
0.0182820472872521
0.018261192861595
0.0182403747647353
0.0182195929102904
0.0181988472121417
0.0181781375844336
0.0181574639415726
0.018136826198226
0.0181162242693215
0.0180956580700456
0.0180751275158429
0.0180546325224152
0.0180341730057205
0.0180137488819718
0.0179933600676366
0.0179730064794353
0.0179526880343411
0.0179324046495782
0.0179121562426213
0.0178919427311948
0.0178717640332714
0.0178516200670717
0.0178315107510627
0.0178114360039576
0.0177913957447141
0.0177713898925341
0.0177514183668625
0.0177314810873862
0.0177115779740337
0.0176917089469735
0.0176718739266138
0.0176520728336013
0.0176323055888204
0.0176125721133922
0.017592872328674
0.0175732061562579
0.0175535735179704
0.0175339743358712
0.0175144085322526
0.0174948760296383
0.0174753767507831
0.0174559106186714
0.0174364775565169
0.0174170774877613
0.0173977103360738
0.0173783760253504
0.0173590744797123
0.0173398056235061
0.0173205693813021
0.0173013656778942
0.0172821944382986
0.0172630555877528
0.0172439490517157
0.0172248747558659
0.017205832626101
0.0171868225885375
0.0171678445695092
0.0171488984955668
0.0171299842934769
0.0171111018902217
0.0170922512129976
0.0170734321892146
0.017054644746496
0.0170358888126769
0.017017164315804
0.0169984711841344
0.0169798093461354
0.016961178730483
0.0169425792660618
0.016924010881964
0.0169054735074885
0.0168869670721405
0.0168684915056303
0.0168500467378731
0.0168316326989878
0.0168132493192966
0.0167948965293239
0.0167765742597961
0.0167582824416404
0.0167400210059843
0.0167217898841548
0.0167035890076779
0.0166854183082774
0.0166672777178749
0.0166491671685885
0.0166310865927322
0.0166130359228156
0.0165950150915428
0.0165770240318116
0.0165590626767135
0.0165411309595321
0.0165232288137431
0.0165053561730134
0.0164875129712004
0.0164696991423511
0.016451914620702
0.016434159340678
0.0164164332368916
0.0163987362441429
0.0163810682974181
0.0163634293318894
0.0163458192829143
0.0163282380860346
0.0163106856769763
0.0162931619916484
0.0162756669661427
0.0162582005367327
0.0162407626398735
0.0162233532122007
0.01620597219053
0.0161886195118567
0.0161712951133546
0.0161539989323758
0.0161367309064501
0.0161194909732841
0.0161022790707606
0.0160850951369382
0.0160679391100508
0.0160508109285064
0.0160337105308872
0.0160166378559483
0.0159995928426179
0.015982575429996
0.015965585557354
0.0159486231641344
0.0159316881899498
0.0159147805745827
0.0158979002579844
0.015881047180275
0.0158642212817424
0.0158474225028418
0.0158306507841955
0.0158139060665915
0.0157971882909839
0.0157804973984917
0.0157638333303982
0.0157471960281509
0.0157305854333606
0.0157140014878009
0.0156974441334075
0.015680913312278
0.015664408966671
0.0156479310390058
0.0156314794718616
0.0156150542079773
0.0155986551902505
0.0155822823617373
0.0155659356656518
0.0155496150453651
0.0155333204444055
0.0155170518064571
0.0155008090753602
0.0154845921951098
0.015468401109856
0.0154522357639028
0.0154360961017078
0.0154199820678818
0.0154038936071882
0.0153878306645423
0.0153717931850111
0.0153557811138126
0.0153397943963151
0.0153238329780373
0.0153078968046472
0.0152919858219617
0.0152760999759464
0.0152602392127148
0.0152444034785279
0.0152285927197937
0.0152128068830668
0.0151970459150477
0.0151813097625824
0.015165598372662
0.0151499116924224
0.0151342496691431
0.0151186122502475
0.015102999383302
0.0150874110160157
0.0150718470962398
0.0150563075719672
0.0150407923913319
0.0150253015026088
0.0150098348542129
0.0149943923946991
0.0149789740727616
0.0149635798372335
0.0149482096370863
0.0149328634214293
0.0149175411395096
0.0149022427407109
0.0148869681745539
0.0148717173906951
0.0148564903389269
0.0148412869691768
0.0148261072315071
0.0148109510761144
0.0147958184533293
0.0147807093136158
0.0147656236075708
0.0147505612859238
0.0147355222995366
0.0147205065994025
0.0147055141366462
0.014690544862523
0.0146755987284189
0.0146606756858496
0.0146457756864607
0.0146308986820264
0.0146160446244502
0.0146012134657633
0.0145864051581252
0.0145716196538226
0.0145568569052692
0.0145421168650056
0.0145273994856982
0.0145127047201394
0.0144980325212469
0.0144833828420635
0.0144687556357564
0.0144541508556169
0.0144395684550603
0.014425008387625
0.0144104706069724
0.0143959550668866
0.0143814617212735
0.0143669905241612
0.0143525414296988
0.0143381143921565
0.0143237093659251
0.0143093263055154
0.0142949651655583
0.0142806259008039
0.0142663084661213
0.0142520128164984
0.0142377389070411
0.0142234866929734
0.0142092561296367
0.0141950471724895
0.0141808597771071
0.0141666938991812
0.0141525494945194
0.0141384265190448
0.014124324928796
0.0141102446799263
0.0140961857287037
0.0140821480315101
0.0140681315448413
0.0140541362253065
0.0140401620296279
0.0140262089146406
0.0140122768372918
0.0139983657546408
0.0139844756238583
0.0139706064022265
0.0139567580471385
0.0139429305160978
0.0139291237667182
0.0139153377567233
0.0139015724439463
0.0138878277863295
0.0138741037419238
0.013860400268889
0.0138467173254926
0.0138330548701101
0.0138194128612244
0.0138057912574254
0.01379219001741
0.0137786090999812
0.0137650484640484
0.0137515080686264
0.0137379878728358
0.013724487835902
0.0137110079171551
0.0136975480760301
0.0136841082720655
0.0136706884649039
0.0136572886142912
0.0136439086800767
0.0136305486222121
0.0136172084007518
0.0136038879758524
0.013590587307772
0.0135773063568707
0.0135640450836095
0.0135508034485501
0.0135375814123552
0.0135243789357875
0.0135111959797096
0.0134980325050839
0.0134848884729718
0.0134717638445341
0.01345865858103
0.0134455726438173
0.0134325059943516
0.0134194585941866
0.0134064304049733
0.0133934213884598
0.0133804315064913
0.0133674607210094
0.013354508994052
0.013341576287753
0.0133286625643419
0.0133157677861438
0.0133028919155785
0.013290034915161
0.0132771967475005
0.0132643773753006
0.0132515767613587
0.0132387948685659
0.0132260316599066
0.0132132870984583
0.0132005611473911
0.0131878537699679
0.0131751649295435
0.0131624945895646
0.0131498427135699
0.013137209265189
0.0131245942081429
0.0131119975062431
0.013099419123392
0.0130868590235818
0.013074317170895
0.0130617935295036
0.0130492880636691
0.013036800737742
0.013024331516162
0.013011880363457
0.0129994472442434
0.0129870321232257
0.0129746349651962
0.0129622557350345
0.0129498943977078
0.0129375509182699
0.0129252252618618
0.0129129173937105
0.0129006272791294
0.012888354883518
0.0128761001723612
0.0128638631112294
0.0128516436657783
0.0128394418017484
0.0128272574849648
0.0128150906813371
0.0128029413568589
0.0127908094776078
0.012778695009745
0.0127665979195151
0.0127545181732457
0.0127424557373475
0.0127304105783137
0.0127183826627198
0.0127063719572235
0.0126943784285644
0.0126824020435639
0.0126704427691244
0.0126585005722298
0.0126465754199448
0.0126346672794146
0.0126227761178652
0.0126109019026024
0.0125990446010122
0.0125872041805601
0.0125753806087912
0.0125635738533298
0.0125517838818791
0.0125400106622213
0.012528254162217
0.0125165143498048
0.0125047911930018
0.0124930846599027
0.0124813947186799
0.0124697213375829
0.0124580644849387
0.0124464241291509
0.0124348002386999
0.0124231927821426
0.012411601728112
0.0124000270453172
0.012388468702543
0.0123769266686498
0.0123654009125733
0.0123538914033242
0.0123423981099884
0.0123309210017259
0.0123194600477718
0.0123080152174348
0.0122965864800981
0.0122851738052184
0.0122737771623259
0.0122623965210245
0.0122510318509909
0.0122396831219747
0.0122283503037986
0.0122170333663573
0.012205732279618
0.0121944470136201
0.0121831775384747
0.0121719238243644
0.0121606858415436
0.0121494635603376
0.0121382569511428
0.0121270659844265
0.0121158906307266
0.0121047308606513
0.012093586644879
0.0120824579541582
0.0120713447593071
0.0120602470312133
0.0120491647408342
0.0120380978591961
0.0120270463573942
0.0120160102065926
0.0120049893780241
0.0119939838429896
0.0119829935728583
0.0119720185390675
0.0119610587131222
0.0119501140665947
0.0119391845711253
0.0119282701984209
0.0119173709202557
0.0119064867084706
0.0118956175349733
0.0118847633717378
0.0118739241908041
0.0118630999642787
0.0118522906643336
0.0118414962632066
0.0118307167332009
0.011819952046685
0.0118092021760925
0.0117984670939221
0.0117877467727369
0.0117770411851646
0.0117663503038975
0.0117556741016918
0.0117450125513678
0.0117343656258096
0.0117237332979648
0.0117131155408447
0.0117025123275234
0.0116919236311386
0.0116813494248905
0.0116707896820422
0.0116602443759193
0.0116497134799096
0.0116391969674634
0.0116286948120927
0.0116182069873715
0.0116077334669353
0.0115972742244812
0.0115868292337676
0.0115763984686139
0.0115659819029005
0.0115555795105686
0.0115451912656201
0.0115348171421171
0.0115244571141821
0.0115141111559978
0.0115037792418067
0.0114934613459109
0.0114831574426723
0.0114728675065122
0.011462591511911
0.0114523294334083
0.0114420812456026
0.0114318469231511
0.0114216264407697
0.0114114197732324
0.0114012268953718
0.0113910477820785
0.0113808824083008
0.0113707307490451
0.0113605927793751
0.0113504684744122
0.0113403578093348
0.0113302607593786
0.0113201772998362
0.011310107406057
0.0113000510534471
0.0112900082174688
0.0112799788736412
0.011269962997539
0.0112599605647934
0.0112499715510911
0.0112399959321747
0.0112300336838423
0.0112200847819472
0.0112101492023982
0.0112002269211589
0.0111903179142481
0.0111804221577391
0.01117053962776
0.0111606703004933
0.0111508141521758
0.0111409711590985
0.0111311412976063
0.011121324544098
0.0111115208750263
0.0111017302668971
0.0110919526962702
0.0110821881397581
0.0110724365740268
0.0110626979757952
0.011052972321835
0.0110432595889705
0.0110335597540787
0.0110238727940888
0.0110141986859823
0.011004537406793
0.0109948889336063
0.0109852532435597
0.0109756303138422
0.0109660201216944
0.0109564226444084
0.0109468378593273
0.0109372657438454
0.0109277062754081
0.0109181594315114
0.0109086251897022
0.0108991035275777
0.0108895944227857
0.0108800978530243
0.0108706137960415
0.0108611422296356
0.0108516831316544
0.0108422364799957
0.0108328022526068
0.0108233804274844
0.0108139709826746
0.0108045738962726
0.0107951891464227
0.0107858167113181
0.0107764565692007
0.0107671086983612
0.0107577730771387
0.0107484496839206
0.0107391384971428
0.0107298394952891
0.0107205526568914
0.0107112779605293
0.0107020153848304
0.0106927649084697
0.0106835265101696
0.0106743001687001
0.0106650858628781
0.0106558835715679
0.0106466932736806
0.010637514948174
0.0106283485740528
0.0106191941303682
0.0106100515962179
0.0106009209507459
0.0105918021731423
0.0105826952426435
0.0105736001385317
0.0105645168401348
0.0105554453268267
0.0105463855780267
0.0105373375731995
0.0105283012918554
0.0105192767135497
0.0105102638178828
0.0105012625845001
0.0104922729930919
0.0104832950233932
0.0104743286551836
0.0104653738682873
0.0104564306425727
0.0104474989579525
0.0104385787943836
0.0104296701318669
0.0104207729504473
0.0104118872302132
0.010403012951297
0.0103941500938744
0.0103852986381646
0.0103764585644303
0.0103676298529771
0.010358812484154
0.0103500064383526
0.0103412116960078
0.0103324282375969
0.0103236560436399
0.0103148950946995
0.0103061453713807
0.0102974068543306
0.0102886795242387
0.0102799633618366
0.0102712583478978
0.0102625644632376
0.0102538816887129
0.0102452100052227
0.0102365493937069
0.0102278998351473
0.0102192613105667
0.0102106338010292
0.0102020172876401
0.0101934117515454
0.0101848171739322
0.0101762335360282
0.0101676608191018
0.010159099004462
0.0101505480734581
0.01014200800748
0.0101334787879574
0.0101249603963604
0.0101164528141991
0.0101079560230235
0.0100994700044233
0.010090994740028
0.0100825302115066
0.0100740764005677
0.0100656332889591
0.0100572008584682
0.0100487790909212
0.0100403679681836
0.01003196747216
0.0100235775847935
0.0100151982880662
0.010006829563999
0.00999847139465108
0.00999012376212029
0.00998178664854276
0.00997346003609293
0.00996514390698337
0.00995683824346477
0.00994854302782575
0.00994025824239281
0.00993198386953023
0.00992371989163996
0.00991546629116154
0.00990722305057197
0.00989899015238565
0.00989076757915424
0.00988255531346664
0.00987435333794878
0.00986616163526363
0.00985798018811104
0.00984980897922769
0.00984164799138694
0.00983349720739877
0.00982535661010971
0.0098172261824027
0.00980910590719699
0.0098009957674481
0.00979289574614769
0.00978480582632346
0.00977672599103908
0.00976865622339407
0.00976059650652377
0.00975254682359914
0.00974450715782679
0.00973647749244879
0.00972845781074261
0.0097204480960211
0.00971244833163227
0.00970445850095929
0.0096964785874204
0.00968850857446875
0.00968054844559241
0.00967259818431418
0.00966465777419159
0.00965672719881673
0.00964880644181624
0.00964089548685115
0.00963299431761686
0.00962510291784299
0.00961722127129333
0.00960934936176576
0.00960148717309212
0.00959363468913817
0.00958579189380347
0.00957795877102131
0.00957013530475865
0.00956232147901595
0.00955451727782721
0.00954672268525976
0.00953893768541425
0.00953116226242457
0.00952339640045769
0.0095156400837137
0.00950789329642559
0.00950015602285926
0.00949242824731342
0.00948470995411946
0.00947700112764143
0.00946930175227593
0.00946161181245202
0.00945393129263114
0.00944626017730704
0.00943859845100569
0.00943094609828521
0.00942330310373578
0.00941566945197953
0.00940804512767052
0.00940043011549463
0.00939282440016945
0.00938522796644425
0.00937764079909988
0.00937006288294868
0.0093624942028344
0.00935493474363216
0.00934738449024833
0.00933984342762044
0.00933231154071716
0.00932478881453817
0.00931727523411411
0.00930977078450649
0.00930227545080759
0.00929478921814046
0.00928731207165874
0.00927984399654667
0.00927238497801896
0.00926493500132075
0.00925749405172748
0.0092500621145449
0.00924263917510891
0.00923522521878552
0.00922782023097079
0.00922042419709075
0.00921303710260129
0.00920565893298813
0.0091982896737667
0.00919092931048213
0.00918357782870912
0.00917623521405188
0.00916890145214407
0.00916157652864872
0.00915426042925817
0.00914695313969396
0.00913965464570679
0.00913236493307644
0.0091250839876117
0.0091178117951503
0.00911054834155882
0.00910329361273264
0.00909604759459588
0.00908881027310127
0.00908158163423016
0.00907436166399237
0.0090671503484262
0.0090599476735983
0.0090527536256036
0.00904556819056529
0.0090383913546347
0.00903122310399127
0.00902406342484243
0.00901691230342358
0.00900976972599802
0.00900263567885683
0.00899551014831887
0.00898839312073066
0.00898128458246632
0.00897418451992754
0.00896709291954346
0.00896000976777066
0.00895293505109301
0.00894586875602171
0.00893881086909513
0.0089317613768788
0.0089247202659653
0.00891768752297425
0.0089106631345522
0.00890364708737254
0.00889663936813554
0.00888963996356815
0.00888264886042404
0.00887566604548349
0.00886869150555331
0.00886172522746681
0.00885476719808373
0.00884781740429013
0.00884087583299841
0.00883394247114717
0.00882701730570119
0.00882010032365132
0.00881319151201449
0.00880629085783359
0.00879939834817738
0.00879251397014055
0.00878563771084351
0.00877876955743242
0.00877190949707908
0.00876505751698093
0.00875821360436091
0.00875137774646745
0.0087445499305744
0.00873773014398095
0.00873091837401157
0.00872411460801602
0.00871731883336913
0.00871053103747095
0.00870375120774648
0.00869697933164577
0.00869021539664378
0.00868345939024032
0.00867671129996005
0.00866997111335232
0.00866323881799123
0.00865651440147545
0.00864979785142827
0.00864308915549746
0.00863638830135525
0.00862969527669828
0.0086230100692475
0.00861633266674813
0.00860966305696965
0.00860300122770567
0.00859634716677389
0.00858970086201609
0.00858306230129802
0.00857643147250936
0.00856980836356364
0.00856319296239826
0.00855658525697432
0.00854998523527666
0.00854339288531377
0.00853680819511768
0.00853023115274401
0.00852366174627182
0.00851709996380362
0.00851054579346525
0.00850399922340589
0.00849746024179796
0.00849092883683708
0.00848440499674201
0.00847788870975462
0.00847137996413978
0.00846487874818535
0.00845838505020214
0.0084518988585238
0.0084454201615068
0.0084389489475304
0.00843248520499652
0.00842602892232978
0.00841958008797737
0.00841313869040904
0.00840670471811704
0.00840027815961603
0.00839385900344311
0.00838744723815766
0.00838104285234138
0.00837464583459819
0.00836825617355416
0.00836187385785753
0.00835549887617858
0.00834913121720962
0.00834277086966493
0.00833641782228071
0.00833007206381502
0.00832373358304772
0.00831740236878047
0.00831107840983661
0.00830476169506115
0.00829845221332071
0.00829214995350345
0.0082858549045191
0.00827956705529876
0.008273286394795
0.00826701291198174
0.00826074659585418
0.0082544874354288
0.00824823541974329
0.00824199053785649
0.00823575277884833
0.00822952213181985
0.00822329858589304
0.0082170821302109
0.00821087275393731
0.00820467044625703
0.00819847519637564
0.00819228699351946
0.00818610582693556
0.00817993168589166
0.0081737645596761
0.00816760443759781
0.00816145130898622
0.00815530516319126
0.00814916598958329
0.00814303377755304
0.00813690851651159
0.00813079019589029
0.00812467880514074
0.00811857433373474
0.00811247677116424
0.00810638610694128
0.00810030233059794
0.00809422543168634
0.00808815539977855
0.00808209222446655
0.0080760358953622
0.00806998640209716
0.00806394373432289
0.00805790788171056
0.00805187883395107
0.0080458565807549
0.00803984111185217
0.00803383241699254
0.00802783048594517
0.00802183530849868
0.00801584687446111
0.00800986517365986
0.00800389019594167
0.00799792193117256
0.00799196036923779
0.00798600550004178
0.00798005731350815
0.0079741157995796
0.00796818094821788
0.00796225274940379
0.00795633119313705
0.00795041626943638
0.00794450796833931
0.0079386062799023
0.00793271119420053
0.00792682270132799
0.00792094079139737
0.00791506545454001
0.00790919668090592
0.00790333446066365
0.00789747878400034
0.00789162964112161
0.00788578702225152
0.00787995091763258
0.00787412131752567
0.00786829821220999
0.00786248159198303
0.00785667144716054
0.00785086776807648
0.00784507054508298
0.00783927976855028
0.00783349542886671
0.00782771751643865
0.00782194602169049
0.00781618093506456
0.00781042224702111
0.00780466994803831
0.00779892402861212
0.00779318447925632
0.00778745129050246
0.00778172445289979
0.00777600395701525
0.0077702897934334
0.00776458195275642
0.00775888042560405
0.00775318520261353
0.00774749627443958
0.00774181363175439
0.00773613726524751
0.00773046716562587
0.00772480332361373
0.00771914572995263
0.00771349437540133
0.00770784925073583
0.00770221034674927
0.00769657765425193
0.00769095116407118
0.00768533086705142
0.0076797167540541
0.00767410881595761
0.0076685070436573
0.00766291142806539
0.00765732196011099
0.00765173863074001
0.00764616143091515
0.00764059035161586
0.0076350253838383
0.00762946651859531
0.00762391374691633
0.00761836705984744
0.00761282644845124
0.0076072919038069
0.00760176341701003
0.0075962409791727
0.00759072458142343
0.00758521421490704
0.00757970987078477
0.00757421154023411
0.00756871921444885
0.00756323288463896
0.00755775254203067
0.00755227817786631
0.00754680978340436
0.00754134734991938
0.00753589086870198
0.00753044033105878
0.00752499572831239
0.00751955705180136
0.00751412429288012
0.00750869744291901
0.00750327649330419
0.00749786143543763
0.00749245226073704
0.0074870489606359
0.00748165152658335
0.00747625995004423
0.00747087422249898
0.00746549433544362
0.00746012028038978
0.00745475204886456
0.00744938963241059
0.00744403302258591
0.00743868221096402
0.0074333371891338
0.00742799794869947
0.00742266448128058
0.00741733677851195
0.00741201483204367
0.00740669863354104
0.00740138817468455
0.00739608344716983
0.00739078444270763
0.00738549115302378
0.00738020356985918
0.00737492168496973
0.00736964549012633
0.00736437497711481
0.00735911013773593
0.00735385096380535
0.00734859744715355
0.00734334957962589
0.00733810735308243
0.00733287075939808
0.0073276397904624
0.00732241443817968
0.00731719469446887
0.00731198055126353
0.00730677200051182
0.00730156903417647
0.00729637164423474
0.00729117982267838
0.00728599356151362
0.00728081285276111
0.00727563768845592
0.0072704680606475
0.00726530396139962
0.00726014538279036
0.00725499231691212
0.00724984475587149
0.00724470269178931
0.00723956611680062
0.00723443502305458
0.0072293094027145
0.00722418924795777
0.00721907455097585
0.00721396530397423
0.00720886149917242
0.00720376312880386
0.00719867018511596
0.00719358266037006
0.00718850054684135
0.00718342383681886
0.00717835252260548
0.00717328659651786
0.00716822605088643
0.00716317087805534
0.00715812107038245
0.00715307662023928
0.00714803752001099
0.00714300376209638
0.0071379753389078
0.00713295224287118
0.00712793446642596
0.00712292200202507
0.00711791484213493
0.00711291297923537
0.00710791640581964
0.00710292511439438
0.00709793909747957
0.0070929583476085
0.00708798285732778
0.00708301261919727
0.00707804762579005
0.00707308786969245
0.00706813334350393
0.00706318403983714
0.00705823995131782
0.00705330107058484
0.0070483673902901
0.00704343890309857
0.0070385156016882
0.00703359747874996
0.00702868452698774
0.00702377673911837
0.00701887410787158
0.00701397662598997
0.00700908428622899
0.0070041970813569
0.00699931500415474
0.00699443804741632
0.00698956620394821
0.00698469946656964
0.00697983782811256
0.00697498128142154
0.00697012981935381
0.00696528343477917
0.00696044212058001
0.00695560586965127
0.00695077467490038
0.00694594852924729
0.00694112742562441
0.00693631135697658
