-12
-11.9879939969985
-11.975987993997
-11.9639819909955
-11.951975987994
-11.9399699849925
-11.927963981991
-11.9159579789895
-11.903951975988
-11.8919459729865
-11.879939969985
-11.8679339669835
-11.855927963982
-11.8439219609805
-11.831915957979
-11.8199099549775
-11.807903951976
-11.7958979489745
-11.783891945973
-11.7718859429715
-11.75987993997
-11.7478739369685
-11.735867933967
-11.7238619309655
-11.711855927964
-11.6998499249625
-11.687843921961
-11.6758379189595
-11.663831915958
-11.6518259129565
-11.639819909955
-11.6278139069535
-11.615807903952
-11.6038019009505
-11.591795897949
-11.5797898949475
-11.567783891946
-11.5557778889445
-11.543771885943
-11.5317658829415
-11.51975987994
-11.5077538769385
-11.495747873937
-11.4837418709355
-11.471735867934
-11.4597298649325
-11.447723861931
-11.4357178589295
-11.423711855928
-11.4117058529265
-11.399699849925
-11.3876938469235
-11.375687843922
-11.3636818409205
-11.351675837919
-11.3396698349175
-11.327663831916
-11.3156578289145
-11.303651825913
-11.2916458229115
-11.27963981991
-11.2676338169085
-11.255627813907
-11.2436218109055
-11.231615807904
-11.2196098049025
-11.2076038019009
-11.1955977988994
-11.1835917958979
-11.1715857928964
-11.1595797898949
-11.1475737868934
-11.1355677838919
-11.1235617808904
-11.1115557778889
-11.0995497748874
-11.0875437718859
-11.0755377688844
-11.0635317658829
-11.0515257628814
-11.0395197598799
-11.0275137568784
-11.0155077538769
-11.0035017508754
-10.9914957478739
-10.9794897448724
-10.9674837418709
-10.9554777388694
-10.9434717358679
-10.9314657328664
-10.9194597298649
-10.9074537268634
-10.8954477238619
-10.8834417208604
-10.8714357178589
-10.8594297148574
-10.8474237118559
-10.8354177088544
-10.8234117058529
-10.8114057028514
-10.7993996998499
-10.7873936968484
-10.7753876938469
-10.7633816908454
-10.7513756878439
-10.7393696848424
-10.7273636818409
-10.7153576788394
-10.7033516758379
-10.6913456728364
-10.6793396698349
-10.6673336668334
-10.6553276638319
-10.6433216608304
-10.6313156578289
-10.6193096548274
-10.6073036518259
-10.5952976488244
-10.5832916458229
-10.5712856428214
-10.5592796398199
-10.5472736368184
-10.5352676338169
-10.5232616308154
-10.5112556278139
-10.4992496248124
-10.4872436218109
-10.4752376188094
-10.4632316158079
-10.4512256128064
-10.4392196098049
-10.4272136068034
-10.4152076038019
-10.4032016008004
-10.3911955977989
-10.3791895947974
-10.3671835917959
-10.3551775887944
-10.3431715857929
-10.3311655827914
-10.3191595797899
-10.3071535767884
-10.2951475737869
-10.2831415707854
-10.2711355677839
-10.2591295647824
-10.2471235617809
-10.2351175587794
-10.2231115557779
-10.2111055527764
-10.1990995497749
-10.1870935467734
-10.1750875437719
-10.1630815407704
-10.1510755377689
-10.1390695347674
-10.1270635317659
-10.1150575287644
-10.1030515257629
-10.0910455227614
-10.0790395197599
-10.0670335167584
-10.0550275137569
-10.0430215107554
-10.0310155077539
-10.0190095047524
-10.0070035017509
-9.99499749874937
-9.98299149574787
-9.97098549274637
-9.95897948974487
-9.94697348674337
-9.93496748374187
-9.92296148074037
-9.91095547773887
-9.89894947473737
-9.88694347173587
-9.87493746873437
-9.86293146573287
-9.85092546273137
-9.83891945972987
-9.82691345672836
-9.81490745372686
-9.80290145072536
-9.79089544772386
-9.77888944472236
-9.76688344172086
-9.75487743871936
-9.74287143571786
-9.73086543271636
-9.71885942971486
-9.70685342671336
-9.69484742371186
-9.68284142071036
-9.67083541770885
-9.65882941470735
-9.64682341170585
-9.63481740870435
-9.62281140570285
-9.61080540270135
-9.59879939969985
-9.58679339669835
-9.57478739369685
-9.56278139069535
-9.55077538769385
-9.53876938469235
-9.52676338169085
-9.51475737868934
-9.50275137568784
-9.49074537268634
-9.47873936968484
-9.46673336668334
-9.45472736368184
-9.44272136068034
-9.43071535767884
-9.41870935467734
-9.40670335167584
-9.39469734867434
-9.38269134567284
-9.37068534267133
-9.35867933966984
-9.34667333666833
-9.33466733366683
-9.32266133066533
-9.31065532766383
-9.29864932466233
-9.28664332166083
-9.27463731865933
-9.26263131565783
-9.25062531265633
-9.23861930965483
-9.22661330665333
-9.21460730365183
-9.20260130065033
-9.19059529764882
-9.17858929464732
-9.16658329164582
-9.15457728864432
-9.14257128564282
-9.13056528264132
-9.11855927963982
-9.10655327663832
-9.09454727363682
-9.08254127063532
-9.07053526763382
-9.05852926463232
-9.04652326163082
-9.03451725862931
-9.02251125562781
-9.01050525262631
-8.99849924962481
-8.98649324662331
-8.97448724362181
-8.96248124062031
-8.95047523761881
-8.93846923461731
-8.92646323161581
-8.91445722861431
-8.90245122561281
-8.89044522261131
-8.8784392196098
-8.8664332166083
-8.8544272136068
-8.8424212106053
-8.8304152076038
-8.8184092046023
-8.8064032016008
-8.7943971985993
-8.7823911955978
-8.7703851925963
-8.7583791895948
-8.7463731865933
-8.7343671835918
-8.7223611805903
-8.7103551775888
-8.69834917458729
-8.68634317158579
-8.67433716858429
-8.66233116558279
-8.65032516258129
-8.63831915957979
-8.62631315657829
-8.61430715357679
-8.60230115057529
-8.59029514757379
-8.57828914457229
-8.56628314157079
-8.55427713856928
-8.54227113556778
-8.53026513256628
-8.51825912956478
-8.50625312656328
-8.49424712356178
-8.48224112056028
-8.47023511755878
-8.45822911455728
-8.44622311155578
-8.43421710855428
-8.42221110555278
-8.41020510255128
-8.39819909954977
-8.38619309654827
-8.37418709354677
-8.36218109054527
-8.35017508754377
-8.33816908454227
-8.32616308154077
-8.31415707853927
-8.30215107553777
-8.29014507253627
-8.27813906953477
-8.26613306653327
-8.25412706353177
-8.24212106053026
-8.23011505752876
-8.21810905452726
-8.20610305152576
-8.19409704852426
-8.18209104552276
-8.17008504252126
-8.15807903951976
-8.14607303651826
-8.13406703351676
-8.12206103051526
-8.11005502751376
-8.09804902451226
-8.08604302151076
-8.07403701850926
-8.06203101550775
-8.05002501250625
-8.03801900950475
-8.02601300650325
-8.01400700350175
-8.00200100050025
-7.98999499749875
-7.97798899449725
-7.96598299149575
-7.95397698849425
-7.94197098549275
-7.92996498249125
-7.91795897948974
-7.90595297648824
-7.89394697348674
-7.88194097048524
-7.86993496748374
-7.85792896448224
-7.84592296148074
-7.83391695847924
-7.82191095547774
-7.80990495247624
-7.79789894947474
-7.78589294647324
-7.77388694347174
-7.76188094047023
-7.74987493746873
-7.73786893446723
-7.72586293146573
-7.71385692846423
-7.70185092546273
-7.68984492246123
-7.67783891945973
-7.66583291645823
-7.65382691345673
-7.64182091045523
-7.62981490745373
-7.61780890445223
-7.60580290145073
-7.59379689844922
-7.58179089544772
-7.56978489244622
-7.55777888944472
-7.54577288644322
-7.53376688344172
-7.52176088044022
-7.50975487743872
-7.49774887443722
-7.48574287143572
-7.47373686843422
-7.46173086543272
-7.44972486243122
-7.43771885942972
-7.42571285642821
-7.41370685342671
-7.40170085042521
-7.38969484742371
-7.37768884442221
-7.36568284142071
-7.35367683841921
-7.34167083541771
-7.32966483241621
-7.31765882941471
-7.30565282641321
-7.29364682341171
-7.2816408204102
-7.2696348174087
-7.2576288144072
-7.2456228114057
-7.2336168084042
-7.2216108054027
-7.2096048024012
-7.1975987993997
-7.1855927963982
-7.1735867933967
-7.1615807903952
-7.1495747873937
-7.1375687843922
-7.1255627813907
-7.11355677838919
-7.10155077538769
-7.08954477238619
-7.07753876938469
-7.06553276638319
-7.05352676338169
-7.04152076038019
-7.02951475737869
-7.01750875437719
-7.00550275137569
-6.99349674837419
-6.98149074537269
-6.96948474237119
-6.95747873936968
-6.94547273636818
-6.93346673336668
-6.92146073036518
-6.90945472736368
-6.89744872436218
-6.88544272136068
-6.87343671835918
-6.86143071535768
-6.84942471235618
-6.83741870935468
-6.82541270635318
-6.81340670335168
-6.80140070035018
-6.78939469734867
-6.77738869434717
-6.76538269134567
-6.75337668834417
-6.74137068534267
-6.72936468234117
-6.71735867933967
-6.70535267633817
-6.69334667333667
-6.68134067033517
-6.66933466733367
-6.65732866433217
-6.64532266133067
-6.63331665832916
-6.62131065532766
-6.60930465232616
-6.59729864932466
-6.58529264632316
-6.57328664332166
-6.56128064032016
-6.54927463731866
-6.53726863431716
-6.52526263131566
-6.51325662831416
-6.50125062531266
-6.48924462231116
-6.47723861930965
-6.46523261630815
-6.45322661330665
-6.44122061030515
-6.42921460730365
-6.41720860430215
-6.40520260130065
-6.39319659829915
-6.38119059529765
-6.36918459229615
-6.35717858929465
-6.34517258629315
-6.33316658329165
-6.32116058029014
-6.30915457728864
-6.29714857428714
-6.28514257128564
-6.27313656828414
-6.26113056528264
-6.24912456228114
-6.23711855927964
-6.22511255627814
-6.21310655327664
-6.20110055027514
-6.18909454727364
-6.17708854427214
-6.16508254127064
-6.15307653826913
-6.14107053526763
-6.12906453226613
-6.11705852926463
-6.10505252626313
-6.09304652326163
-6.08104052026013
-6.06903451725863
-6.05702851425713
-6.04502251125563
-6.03301650825413
-6.02101050525263
-6.00900450225113
-5.99699849924963
-5.98499249624812
-5.97298649324662
-5.96098049024512
-5.94897448724362
-5.93696848424212
-5.92496248124062
-5.91295647823912
-5.90095047523762
-5.88894447223612
-5.87693846923462
-5.86493246623312
-5.85292646323162
-5.84092046023012
-5.82891445722861
-5.81690845422711
-5.80490245122561
-5.79289644822411
-5.78089044522261
-5.76888444222111
-5.75687843921961
-5.74487243621811
-5.73286643321661
-5.72086043021511
-5.70885442721361
-5.69684842421211
-5.68484242121061
-5.6728364182091
-5.6608304152076
-5.6488244122061
-5.6368184092046
-5.6248124062031
-5.6128064032016
-5.6008004002001
-5.5887943971986
-5.5767883941971
-5.5647823911956
-5.5527763881941
-5.5407703851926
-5.5287643821911
-5.51675837918959
-5.50475237618809
-5.49274637318659
-5.48074037018509
-5.46873436718359
-5.45672836418209
-5.44472236118059
-5.43271635817909
-5.42071035517759
-5.40870435217609
-5.39669834917459
-5.38469234617309
-5.37268634317159
-5.36068034017009
-5.34867433716858
-5.33666833416708
-5.32466233116558
-5.31265632816408
-5.30065032516258
-5.28864432216108
-5.27663831915958
-5.26463231615808
-5.25262631315658
-5.24062031015508
-5.22861430715358
-5.21660830415208
-5.20460230115058
-5.19259629814907
-5.18059029514757
-5.16858429214607
-5.15657828914457
-5.14457228614307
-5.13256628314157
-5.12056028014007
-5.10855427713857
-5.09654827413707
-5.08454227113557
-5.07253626813407
-5.06053026513257
-5.04852426213107
-5.03651825912956
-5.02451225612806
-5.01250625312656
-5.00050025012506
-4.98849424712356
-4.97648824412206
-4.96448224112056
-4.95247623811906
-4.94047023511756
-4.92846423211606
-4.91645822911456
-4.90445222611306
-4.89244622311156
-4.88044022011005
-4.86843421710855
-4.85642821410705
-4.84442221110555
-4.83241620810405
-4.82041020510255
-4.80840420210105
-4.79639819909955
-4.78439219609805
-4.77238619309655
-4.76038019009505
-4.74837418709355
-4.73636818409205
-4.72436218109055
-4.71235617808904
-4.70035017508754
-4.68834417208604
-4.67633816908454
-4.66433216608304
-4.65232616308154
-4.64032016008004
-4.62831415707854
-4.61630815407704
-4.60430215107554
-4.59229614807404
-4.58029014507254
-4.56828414207104
-4.55627813906953
-4.54427213606803
-4.53226613306653
-4.52026013006503
-4.50825412706353
-4.49624812406203
-4.48424212106053
-4.47223611805903
-4.46023011505753
-4.44822411205603
-4.43621810905453
-4.42421210605303
-4.41220610305153
-4.40020010005003
-4.38819409704852
-4.37618809404702
-4.36418209104552
-4.35217608804402
-4.34017008504252
-4.32816408204102
-4.31615807903952
-4.30415207603802
-4.29214607303652
-4.28014007003502
-4.26813406703352
-4.25612806403202
-4.24412206103052
-4.23211605802901
-4.22011005502751
-4.20810405202601
-4.19609804902451
-4.18409204602301
-4.17208604302151
-4.16008004002001
-4.14807403701851
-4.13606803401701
-4.12406203101551
-4.11205602801401
-4.10005002501251
-4.08804402201101
-4.0760380190095
-4.064032016008
-4.0520260130065
-4.040020010005
-4.0280140070035
-4.016008004002
-4.0040020010005
-3.991995997999
-3.9799899949975
-3.967983991996
-3.9559779889945
-3.943971985993
-3.9319659829915
-3.91995997998999
-3.90795397698849
-3.89594797398699
-3.88394197098549
-3.87193596798399
-3.85992996498249
-3.84792396198099
-3.83591795897949
-3.82391195597799
-3.81190595297649
-3.79989994997499
-3.78789394697349
-3.77588794397199
-3.76388194097049
-3.75187593796898
-3.73986993496748
-3.72786393196598
-3.71585792896448
-3.70385192596298
-3.69184592296148
-3.67983991995998
-3.66783391695848
-3.65582791395698
-3.64382191095548
-3.63181590795398
-3.61980990495248
-3.60780390195098
-3.59579789894947
-3.58379189594797
-3.57178589294647
-3.55977988994497
-3.54777388694347
-3.53576788394197
-3.52376188094047
-3.51175587793897
-3.49974987493747
-3.48774387193597
-3.47573786893447
-3.46373186593297
-3.45172586293147
-3.43971985992996
-3.42771385692846
-3.41570785392696
-3.40370185092546
-3.39169584792396
-3.37968984492246
-3.36768384192096
-3.35567783891946
-3.34367183591796
-3.33166583291646
-3.31965982991496
-3.30765382691346
-3.29564782391196
-3.28364182091046
-3.27163581790895
-3.25962981490745
-3.24762381190595
-3.23561780890445
-3.22361180590295
-3.21160580290145
-3.19959979989995
-3.18759379689845
-3.17558779389695
-3.16358179089545
-3.15157578789395
-3.13956978489245
-3.12756378189095
-3.11555777888944
-3.10355177588794
-3.09154577288644
-3.07953976988494
-3.06753376688344
-3.05552776388194
-3.04352176088044
-3.03151575787894
-3.01950975487744
-3.00750375187594
-2.99549774887444
-2.98349174587294
-2.97148574287144
-2.95947973986994
-2.94747373686843
-2.93546773386693
-2.92346173086543
-2.91145572786393
-2.89944972486243
-2.88744372186093
-2.87543771885943
-2.86343171585793
-2.85142571285643
-2.83941970985493
-2.82741370685343
-2.81540770385193
-2.80340170085043
-2.79139569784892
-2.77938969484742
-2.76738369184592
-2.75537768884442
-2.74337168584292
-2.73136568284142
-2.71935967983992
-2.70735367683842
-2.69534767383692
-2.68334167083542
-2.67133566783392
-2.65932966483242
-2.64732366183092
-2.63531765882941
-2.62331165582791
-2.61130565282641
-2.59929964982491
-2.58729364682341
-2.57528764382191
-2.56328164082041
-2.55127563781891
-2.53926963481741
-2.52726363181591
-2.51525762881441
-2.50325162581291
-2.49124562281141
-2.4792396198099
-2.4672336168084
-2.4552276138069
-2.4432216108054
-2.4312156078039
-2.4192096048024
-2.4072036018009
-2.3951975987994
-2.3831915957979
-2.3711855927964
-2.3591795897949
-2.3471735867934
-2.3351675837919
-2.3231615807904
-2.31115557778889
-2.29914957478739
-2.28714357178589
-2.27513756878439
-2.26313156578289
-2.25112556278139
-2.23911955977989
-2.22711355677839
-2.21510755377689
-2.20310155077539
-2.19109554777389
-2.17908954477239
-2.16708354177089
-2.15507753876938
-2.14307153576788
-2.13106553276638
-2.11905952976488
-2.10705352676338
-2.09504752376188
-2.08304152076038
-2.07103551775888
-2.05902951475738
-2.04702351175588
-2.03501750875438
-2.02301150575288
-2.01100550275138
-1.99899949974988
-1.98699349674837
-1.97498749374687
-1.96298149074537
-1.95097548774387
-1.93896948474237
-1.92696348174087
-1.91495747873937
-1.90295147573787
-1.89094547273637
-1.87893946973487
-1.86693346673337
-1.85492746373187
-1.84292146073037
-1.83091545772886
-1.81890945472736
-1.80690345172586
-1.79489744872436
-1.78289144572286
-1.77088544272136
-1.75887943971986
-1.74687343671836
-1.73486743371686
-1.72286143071536
-1.71085542771386
-1.69884942471236
-1.68684342171086
-1.67483741870935
-1.66283141570785
-1.65082541270635
-1.63881940970485
-1.62681340670335
-1.61480740370185
-1.60280140070035
-1.59079539769885
-1.57878939469735
-1.56678339169585
-1.55477738869435
-1.54277138569285
-1.53076538269135
-1.51875937968984
-1.50675337668834
-1.49474737368684
-1.48274137068534
-1.47073536768384
-1.45872936468234
-1.44672336168084
-1.43471735867934
-1.42271135567784
-1.41070535267634
-1.39869934967484
-1.38669334667334
-1.37468734367184
-1.36268134067034
-1.35067533766883
-1.33866933466733
-1.32666333166583
-1.31465732866433
-1.30265132566283
-1.29064532266133
-1.27863931965983
-1.26663331665833
-1.25462731365683
-1.24262131065533
-1.23061530765383
-1.21860930465233
-1.20660330165083
-1.19459729864932
-1.18259129564782
-1.17058529264632
-1.15857928964482
-1.14657328664332
-1.13456728364182
-1.12256128064032
-1.11055527763882
-1.09854927463732
-1.08654327163582
-1.07453726863432
-1.06253126563282
-1.05052526263132
-1.03851925962981
-1.02651325662831
-1.01450725362681
-1.00250125062531
-0.990495247623812
-0.978489244622311
-0.96648324162081
-0.95447723861931
-0.942471235617809
-0.930465232616308
-0.918459229614807
-0.906453226613307
-0.894447223611806
-0.882441220610305
-0.870435217608804
-0.858429214607304
-0.846423211605803
-0.834417208604302
-0.822411205602801
-0.810405202601301
-0.7983991995998
-0.786393196598299
-0.774387193596798
-0.762381190595298
-0.750375187593797
-0.738369184592296
-0.726363181590795
-0.714357178589295
-0.702351175587794
-0.690345172586293
-0.678339169584792
-0.666333166583292
-0.654327163581791
-0.64232116058029
-0.630315157578789
-0.618309154577289
-0.606303151575788
-0.594297148574287
-0.582291145572786
-0.570285142571286
-0.558279139569785
-0.546273136568284
-0.534267133566783
-0.522261130565283
-0.510255127563782
-0.498249124562281
-0.48624312156078
-0.47423711855928
-0.462231115557779
-0.450225112556278
-0.438219109554777
-0.426213106553277
-0.414207103551776
-0.402201100550275
-0.390195097548774
-0.378189094547274
-0.366183091545773
-0.354177088544272
-0.342171085542771
-0.330165082541271
-0.31815907953977
-0.306153076538269
-0.294147073536768
-0.282141070535268
-0.270135067533767
-0.258129064532266
-0.246123061530765
-0.234117058529265
-0.222111055527764
-0.210105052526263
-0.198099049524762
-0.186093046523262
-0.174087043521761
-0.16208104052026
-0.150075037518759
-0.138069034517259
-0.126063031515758
-0.114057028514257
-0.102051025512756
-0.0900450225112556
-0.0780390195097549
-0.0660330165082541
-0.0540270135067534
-0.0420210105052526
-0.0300150075037519
-0.0180090045022511
-0.00600300150075038
0.00600300150075038
0.0180090045022511
0.0300150075037519
0.0420210105052526
0.0540270135067534
0.0660330165082541
0.0780390195097549
0.0900450225112556
0.102051025512756
0.114057028514257
0.126063031515758
0.138069034517259
0.150075037518759
0.16208104052026
0.174087043521761
0.186093046523262
0.198099049524762
0.210105052526263
0.222111055527764
0.234117058529265
0.246123061530765
0.258129064532266
0.270135067533767
0.282141070535268
0.294147073536768
0.306153076538269
0.31815907953977
0.330165082541271
0.342171085542771
0.354177088544272
0.366183091545773
0.378189094547274
0.390195097548774
0.402201100550275
0.414207103551776
0.426213106553277
0.438219109554777
0.450225112556278
0.462231115557779
0.47423711855928
0.48624312156078
0.498249124562281
0.510255127563782
0.522261130565283
0.534267133566783
0.546273136568284
0.558279139569785
0.570285142571286
0.582291145572786
0.594297148574287
0.606303151575788
0.618309154577289
0.630315157578789
0.64232116058029
0.654327163581791
0.666333166583292
0.678339169584792
0.690345172586293
0.702351175587794
0.714357178589295
0.726363181590795
0.738369184592296
0.750375187593797
0.762381190595298
0.774387193596798
0.786393196598299
0.7983991995998
0.810405202601301
0.822411205602801
0.834417208604302
0.846423211605803
0.858429214607304
0.870435217608804
0.882441220610305
0.894447223611806
0.906453226613307
0.918459229614807
0.930465232616308
0.942471235617809
0.95447723861931
0.96648324162081
0.978489244622311
0.990495247623812
1.00250125062531
1.01450725362681
1.02651325662831
1.03851925962981
1.05052526263132
1.06253126563282
1.07453726863432
1.08654327163582
1.09854927463732
1.11055527763882
1.12256128064032
1.13456728364182
1.14657328664332
1.15857928964482
1.17058529264632
1.18259129564782
1.19459729864932
1.20660330165083
1.21860930465233
1.23061530765383
1.24262131065533
1.25462731365683
1.26663331665833
1.27863931965983
1.29064532266133
1.30265132566283
1.31465732866433
1.32666333166583
1.33866933466733
1.35067533766883
1.36268134067034
1.37468734367184
1.38669334667334
1.39869934967484
1.41070535267634
1.42271135567784
1.43471735867934
1.44672336168084
1.45872936468234
1.47073536768384
1.48274137068534
1.49474737368684
1.50675337668834
1.51875937968984
1.53076538269135
1.54277138569285
1.55477738869435
1.56678339169585
1.57878939469735
1.59079539769885
1.60280140070035
1.61480740370185
1.62681340670335
1.63881940970485
1.65082541270635
1.66283141570785
1.67483741870935
1.68684342171086
1.69884942471236
1.71085542771386
1.72286143071536
1.73486743371686
1.74687343671836
1.75887943971986
1.77088544272136
1.78289144572286
1.79489744872436
1.80690345172586
1.81890945472736
1.83091545772886
1.84292146073037
1.85492746373187
1.86693346673337
1.87893946973487
1.89094547273637
1.90295147573787
1.91495747873937
1.92696348174087
1.93896948474237
1.95097548774387
1.96298149074537
1.97498749374687
1.98699349674837
1.99899949974988
2.01100550275138
2.02301150575288
2.03501750875438
2.04702351175588
2.05902951475738
2.07103551775888
2.08304152076038
2.09504752376188
2.10705352676338
2.11905952976488
2.13106553276638
2.14307153576788
2.15507753876938
2.16708354177089
2.17908954477239
2.19109554777389
2.20310155077539
2.21510755377689
2.22711355677839
2.23911955977989
2.25112556278139
2.26313156578289
2.27513756878439
2.28714357178589
2.29914957478739
2.31115557778889
2.3231615807904
2.3351675837919
2.3471735867934
2.3591795897949
2.3711855927964
2.3831915957979
2.3951975987994
2.4072036018009
2.4192096048024
2.4312156078039
2.4432216108054
2.4552276138069
2.4672336168084
2.4792396198099
2.49124562281141
2.50325162581291
2.51525762881441
2.52726363181591
2.53926963481741
2.55127563781891
2.56328164082041
2.57528764382191
2.58729364682341
2.59929964982491
2.61130565282641
2.62331165582791
2.63531765882941
2.64732366183092
2.65932966483242
2.67133566783392
2.68334167083542
2.69534767383692
2.70735367683842
2.71935967983992
2.73136568284142
2.74337168584292
2.75537768884442
2.76738369184592
2.77938969484742
2.79139569784892
2.80340170085043
2.81540770385193
2.82741370685343
2.83941970985493
2.85142571285643
2.86343171585793
2.87543771885943
2.88744372186093
2.89944972486243
2.91145572786393
2.92346173086543
2.93546773386693
2.94747373686843
2.95947973986994
2.97148574287144
2.98349174587294
2.99549774887444
3.00750375187594
3.01950975487744
3.03151575787894
3.04352176088044
3.05552776388194
3.06753376688344
3.07953976988494
3.09154577288644
3.10355177588794
3.11555777888944
3.12756378189095
3.13956978489245
3.15157578789395
3.16358179089545
3.17558779389695
3.18759379689845
3.19959979989995
3.21160580290145
3.22361180590295
3.23561780890445
3.24762381190595
3.25962981490745
3.27163581790895
3.28364182091046
3.29564782391196
3.30765382691346
3.31965982991496
3.33166583291646
3.34367183591796
3.35567783891946
3.36768384192096
3.37968984492246
3.39169584792396
3.40370185092546
3.41570785392696
3.42771385692846
3.43971985992996
3.45172586293147
3.46373186593297
3.47573786893447
3.48774387193597
3.49974987493747
3.51175587793897
3.52376188094047
3.53576788394197
3.54777388694347
3.55977988994497
3.57178589294647
3.58379189594797
3.59579789894947
3.60780390195098
3.61980990495248
3.63181590795398
3.64382191095548
3.65582791395698
3.66783391695848
3.67983991995998
3.69184592296148
3.70385192596298
3.71585792896448
3.72786393196598
3.73986993496748
3.75187593796898
3.76388194097049
3.77588794397199
3.78789394697349
3.79989994997499
3.81190595297649
3.82391195597799
3.83591795897949
3.84792396198099
3.85992996498249
3.87193596798399
3.88394197098549
3.89594797398699
3.90795397698849
3.91995997998999
3.9319659829915
3.943971985993
3.9559779889945
3.967983991996
3.9799899949975
3.991995997999
4.0040020010005
4.016008004002
4.0280140070035
4.040020010005
4.0520260130065
4.064032016008
4.0760380190095
4.08804402201101
4.10005002501251
4.11205602801401
4.12406203101551
4.13606803401701
4.14807403701851
4.16008004002001
4.17208604302151
4.18409204602301
4.19609804902451
4.20810405202601
4.22011005502751
4.23211605802901
4.24412206103052
4.25612806403202
4.26813406703352
4.28014007003502
4.29214607303652
4.30415207603802
4.31615807903952
4.32816408204102
4.34017008504252
4.35217608804402
4.36418209104552
4.37618809404702
4.38819409704852
4.40020010005003
4.41220610305153
4.42421210605303
4.43621810905453
4.44822411205603
4.46023011505753
4.47223611805903
4.48424212106053
4.49624812406203
4.50825412706353
4.52026013006503
4.53226613306653
4.54427213606803
4.55627813906953
4.56828414207104
4.58029014507254
4.59229614807404
4.60430215107554
4.61630815407704
4.62831415707854
4.64032016008004
4.65232616308154
4.66433216608304
4.67633816908454
4.68834417208604
4.70035017508754
4.71235617808904
4.72436218109055
4.73636818409205
4.74837418709355
4.76038019009505
4.77238619309655
4.78439219609805
4.79639819909955
4.80840420210105
4.82041020510255
4.83241620810405
4.84442221110555
4.85642821410705
4.86843421710855
4.88044022011005
4.89244622311156
4.90445222611306
4.91645822911456
4.92846423211606
4.94047023511756
4.95247623811906
4.96448224112056
4.97648824412206
4.98849424712356
5.00050025012506
5.01250625312656
5.02451225612806
5.03651825912956
5.04852426213107
5.06053026513257
5.07253626813407
5.08454227113557
5.09654827413707
5.10855427713857
5.12056028014007
5.13256628314157
5.14457228614307
5.15657828914457
5.16858429214607
5.18059029514757
5.19259629814907
5.20460230115058
5.21660830415208
5.22861430715358
5.24062031015508
5.25262631315658
5.26463231615808
5.27663831915958
5.28864432216108
5.30065032516258
5.31265632816408
5.32466233116558
5.33666833416708
5.34867433716858
5.36068034017009
5.37268634317159
5.38469234617309
5.39669834917459
5.40870435217609
5.42071035517759
5.43271635817909
5.44472236118059
5.45672836418209
5.46873436718359
5.48074037018509
5.49274637318659
5.50475237618809
5.51675837918959
5.5287643821911
5.5407703851926
5.5527763881941
5.5647823911956
5.5767883941971
5.5887943971986
5.6008004002001
5.6128064032016
5.6248124062031
5.6368184092046
5.6488244122061
5.6608304152076
5.6728364182091
5.68484242121061
5.69684842421211
5.70885442721361
5.72086043021511
5.73286643321661
5.74487243621811
5.75687843921961
5.76888444222111
5.78089044522261
5.79289644822411
5.80490245122561
5.81690845422711
5.82891445722861
5.84092046023012
5.85292646323162
5.86493246623312
5.87693846923462
5.88894447223612
5.90095047523762
5.91295647823912
5.92496248124062
5.93696848424212
5.94897448724362
5.96098049024512
5.97298649324662
5.98499249624812
5.99699849924963
6.00900450225113
6.02101050525263
6.03301650825413
6.04502251125563
6.05702851425713
6.06903451725863
6.08104052026013
6.09304652326163
6.10505252626313
6.11705852926463
6.12906453226613
6.14107053526763
6.15307653826913
6.16508254127064
6.17708854427214
6.18909454727364
6.20110055027514
6.21310655327664
6.22511255627814
6.23711855927964
6.24912456228114
6.26113056528264
6.27313656828414
6.28514257128564
6.29714857428714
6.30915457728864
6.32116058029014
6.33316658329165
6.34517258629315
6.35717858929465
6.36918459229615
6.38119059529765
6.39319659829915
6.40520260130065
6.41720860430215
6.42921460730365
6.44122061030515
6.45322661330665
6.46523261630815
6.47723861930965
6.48924462231116
6.50125062531266
6.51325662831416
6.52526263131566
6.53726863431716
6.54927463731866
6.56128064032016
6.57328664332166
6.58529264632316
6.59729864932466
6.60930465232616
6.62131065532766
6.63331665832916
6.64532266133067
6.65732866433217
6.66933466733367
6.68134067033517
6.69334667333667
6.70535267633817
6.71735867933967
6.72936468234117
6.74137068534267
6.75337668834417
6.76538269134567
6.77738869434717
6.78939469734867
6.80140070035018
6.81340670335168
6.82541270635318
6.83741870935468
6.84942471235618
6.86143071535768
6.87343671835918
6.88544272136068
6.89744872436218
6.90945472736368
6.92146073036518
6.93346673336668
6.94547273636818
6.95747873936968
6.96948474237119
6.98149074537269
6.99349674837419
7.00550275137569
7.01750875437719
7.02951475737869
7.04152076038019
7.05352676338169
7.06553276638319
7.07753876938469
7.08954477238619
7.10155077538769
7.11355677838919
7.1255627813907
7.1375687843922
7.1495747873937
7.1615807903952
7.1735867933967
7.1855927963982
7.1975987993997
7.2096048024012
7.2216108054027
7.2336168084042
7.2456228114057
7.2576288144072
7.2696348174087
7.2816408204102
7.29364682341171
7.30565282641321
7.31765882941471
7.32966483241621
7.34167083541771
7.35367683841921
7.36568284142071
7.37768884442221
7.38969484742371
7.40170085042521
7.41370685342671
7.42571285642821
7.43771885942972
7.44972486243122
7.46173086543272
7.47373686843422
7.48574287143572
7.49774887443722
7.50975487743872
7.52176088044022
7.53376688344172
7.54577288644322
7.55777888944472
7.56978489244622
7.58179089544772
7.59379689844922
7.60580290145073
7.61780890445223
7.62981490745373
7.64182091045523
7.65382691345673
7.66583291645823
7.67783891945973
7.68984492246123
7.70185092546273
7.71385692846423
7.72586293146573
7.73786893446723
7.74987493746873
7.76188094047023
7.77388694347174
7.78589294647324
7.79789894947474
7.80990495247624
7.82191095547774
7.83391695847924
7.84592296148074
7.85792896448224
7.86993496748374
7.88194097048524
7.89394697348674
7.90595297648824
7.91795897948974
7.92996498249125
7.94197098549275
7.95397698849425
7.96598299149575
7.97798899449725
7.98999499749875
8.00200100050025
8.01400700350175
8.02601300650325
8.03801900950475
8.05002501250625
8.06203101550775
8.07403701850926
8.08604302151076
8.09804902451226
8.11005502751376
8.12206103051526
8.13406703351676
8.14607303651826
8.15807903951976
8.17008504252126
8.18209104552276
8.19409704852426
8.20610305152576
8.21810905452726
8.23011505752876
8.24212106053026
8.25412706353177
8.26613306653327
8.27813906953477
8.29014507253627
8.30215107553777
8.31415707853927
8.32616308154077
8.33816908454227
8.35017508754377
8.36218109054527
8.37418709354677
8.38619309654827
8.39819909954977
8.41020510255128
8.42221110555278
8.43421710855428
8.44622311155578
8.45822911455728
8.47023511755878
8.48224112056028
8.49424712356178
8.50625312656328
8.51825912956478
8.53026513256628
8.54227113556778
8.55427713856928
8.56628314157079
8.57828914457229
8.59029514757379
8.60230115057529
8.61430715357679
8.62631315657829
8.63831915957979
8.65032516258129
8.66233116558279
8.67433716858429
8.68634317158579
8.69834917458729
8.7103551775888
8.7223611805903
8.7343671835918
8.7463731865933
8.7583791895948
8.7703851925963
8.7823911955978
8.7943971985993
8.8064032016008
8.8184092046023
8.8304152076038
8.8424212106053
8.8544272136068
8.8664332166083
8.8784392196098
8.89044522261131
8.90245122561281
8.91445722861431
8.92646323161581
8.93846923461731
8.95047523761881
8.96248124062031
8.97448724362181
8.98649324662331
8.99849924962481
9.01050525262631
9.02251125562781
9.03451725862931
9.04652326163082
9.05852926463232
9.07053526763382
9.08254127063532
9.09454727363682
9.10655327663832
9.11855927963982
9.13056528264132
9.14257128564282
9.15457728864432
9.16658329164582
9.17858929464732
9.19059529764882
9.20260130065033
9.21460730365183
9.22661330665333
9.23861930965483
9.25062531265633
9.26263131565783
9.27463731865933
9.28664332166083
9.29864932466233
9.31065532766383
9.32266133066533
9.33466733366683
9.34667333666833
9.35867933966984
9.37068534267133
9.38269134567284
9.39469734867434
9.40670335167584
9.41870935467734
9.43071535767884
9.44272136068034
9.45472736368184
9.46673336668334
9.47873936968484
9.49074537268634
9.50275137568784
9.51475737868934
9.52676338169085
9.53876938469235
9.55077538769385
9.56278139069535
9.57478739369685
9.58679339669835
9.59879939969985
9.61080540270135
9.62281140570285
9.63481740870435
9.64682341170585
9.65882941470735
9.67083541770885
9.68284142071036
9.69484742371186
9.70685342671336
9.71885942971486
9.73086543271636
9.74287143571786
9.75487743871936
9.76688344172086
9.77888944472236
9.79089544772386
9.80290145072536
9.81490745372686
9.82691345672836
9.83891945972987
9.85092546273137
9.86293146573287
9.87493746873437
9.88694347173587
9.89894947473737
9.91095547773887
9.92296148074037
9.93496748374187
9.94697348674337
9.95897948974487
9.97098549274637
9.98299149574787
9.99499749874937
10.0070035017509
10.0190095047524
10.0310155077539
10.0430215107554
10.0550275137569
10.0670335167584
10.0790395197599
10.0910455227614
10.1030515257629
10.1150575287644
10.1270635317659
10.1390695347674
10.1510755377689
10.1630815407704
10.1750875437719
10.1870935467734
10.1990995497749
10.2111055527764
10.2231115557779
10.2351175587794
10.2471235617809
10.2591295647824
10.2711355677839
10.2831415707854
10.2951475737869
10.3071535767884
10.3191595797899
10.3311655827914
10.3431715857929
10.3551775887944
10.3671835917959
10.3791895947974
10.3911955977989
10.4032016008004
10.4152076038019
10.4272136068034
10.4392196098049
10.4512256128064
10.4632316158079
10.4752376188094
10.4872436218109
10.4992496248124
10.5112556278139
10.5232616308154
10.5352676338169
10.5472736368184
10.5592796398199
10.5712856428214
10.5832916458229
10.5952976488244
10.6073036518259
10.6193096548274
10.6313156578289
10.6433216608304
10.6553276638319
10.6673336668334
10.6793396698349
10.6913456728364
10.7033516758379
10.7153576788394
10.7273636818409
10.7393696848424
10.7513756878439
10.7633816908454
10.7753876938469
10.7873936968484
10.7993996998499
10.8114057028514
10.8234117058529
10.8354177088544
10.8474237118559
10.8594297148574
10.8714357178589
10.8834417208604
10.8954477238619
10.9074537268634
10.9194597298649
10.9314657328664
10.9434717358679
10.9554777388694
10.9674837418709
10.9794897448724
10.9914957478739
11.0035017508754
11.0155077538769
11.0275137568784
11.0395197598799
11.0515257628814
11.0635317658829
11.0755377688844
11.0875437718859
11.0995497748874
11.1115557778889
11.1235617808904
11.1355677838919
11.1475737868934
11.1595797898949
11.1715857928964
11.1835917958979
11.1955977988994
11.2076038019009
11.2196098049025
11.231615807904
11.2436218109055
11.255627813907
11.2676338169085
11.27963981991
11.2916458229115
11.303651825913
11.3156578289145
11.327663831916
11.3396698349175
11.351675837919
11.3636818409205
11.375687843922
11.3876938469235
11.399699849925
11.4117058529265
11.423711855928
11.4357178589295
11.447723861931
11.4597298649325
11.471735867934
11.4837418709355
11.495747873937
11.5077538769385
11.51975987994
11.5317658829415
11.543771885943
11.5557778889445
11.567783891946
11.5797898949475
11.591795897949
11.6038019009505
11.615807903952
11.6278139069535
11.639819909955
11.6518259129565
11.663831915958
11.6758379189595
11.687843921961
11.6998499249625
11.711855927964
11.7238619309655
11.735867933967
11.7478739369685
11.75987993997
11.7718859429715
11.783891945973
11.7958979489745
11.807903951976
11.8199099549775
11.831915957979
11.8439219609805
11.855927963982
11.8679339669835
11.879939969985
11.8919459729865
11.903951975988
11.9159579789895
11.927963981991
11.9399699849925
11.951975987994
11.9639819909955
11.975987993997
11.9879939969985
12
