-11.9310344827586
-11.9188912273939
-11.9067475628441
-11.894603487485
-11.8824589996842
-11.8703140978012
-11.8581687801874
-11.846023045186
-11.8338768911321
-11.8217303163521
-11.8095833191646
-11.7974358978794
-11.7852880507981
-11.7731397762136
-11.7609910724103
-11.7488419376643
-11.7366923702427
-11.724542368404
-11.7123919303981
-11.7002410544659
-11.6880897388395
-11.6759379817422
-11.6637857813882
-11.6516331359828
-11.6394800437221
-11.6273265027932
-11.615172511374
-11.603018067633
-11.5908631697296
-11.5787078158139
-11.5665520040263
-11.554395732498
-11.5422389993507
-11.5300818026962
-11.5179241406371
-11.5057660112659
-11.4936074126657
-11.4814483429095
-11.4692888000606
-11.4571287821722
-11.4449682872877
-11.4328073134404
-11.4206458586533
-11.4084839209393
-11.3963214983013
-11.3841585887315
-11.3719951902119
-11.3598313007142
-11.3476669181995
-11.3355020406181
-11.3233366659101
-11.3111707920045
-11.2990044168197
-11.2868375382634
-11.2746701542322
-11.2625022626119
-11.250333861277
-11.2381649480911
-11.2259955209067
-11.2138255775649
-11.2016551158954
-11.1894841337168
-11.1773126288361
-11.1651405990485
-11.1529680421381
-11.140794955877
-11.1286213380255
-11.1164471863324
-11.1042724985342
-11.0920972723558
-11.0799215055097
-11.0677451956965
-11.0555683406046
-11.0433909379101
-11.0312129852765
-11.0190344803552
-11.006855420785
-10.9946758041919
-10.9824956281894
-10.9703148903782
-10.9581335883463
-10.9459517196685
-10.9337692819068
-10.92158627261
-10.9094026893138
-10.8972185295407
-10.8850337907996
-10.8728484705862
-10.8606625663827
-10.8484760756576
-10.8362889958656
-10.8241013244479
-10.8119130588315
-10.7997241964298
-10.7875347346419
-10.7753446708528
-10.7631540024332
-10.7509627267397
-10.7387708411143
-10.7265783428844
-10.7143852293631
-10.7021914978484
-10.6899971456239
-10.677802169958
-10.6656065681041
-10.6534103373008
-10.6412134747712
-10.6290159777232
-10.6168178433494
-10.6046190688268
-10.5924196513168
-10.5802195879651
-10.5680188759016
-10.5558175122403
-10.5436154940792
-10.5314128185001
-10.5192094825687
-10.5070054833343
-10.4948008178296
-10.482595483071
-10.470389476058
-10.4581827937734
-10.4459754331832
-10.4337673912363
-10.4215586648645
-10.4093492509824
-10.3971391464871
-10.3849283482584
-10.3727168531585
-10.3605046580317
-10.3482917597048
-10.3360781549863
-10.3238638406669
-10.311648813519
-10.2994330702967
-10.2872166077357
-10.274999422553
-10.2627815114471
-10.2505628710976
-10.2383434981652
-10.2261233892913
-10.2139025410983
-10.2016809501894
-10.189458613148
-10.1772355265381
-10.165011686904
-10.1527870907699
-10.1405617346403
-10.1283356149993
-10.1161087283107
-10.1038810710181
-10.0916526395444
-10.0794234302918
-10.0671934396416
-10.0549626639541
-10.0427310995686
-10.0304987428029
-10.0182655899535
-10.0060316372953
-9.99379688108132
-9.98156131754289
-9.96932494288916
-9.95708775330713
-9.94484974496142
-9.93261091399415
-9.92037125652477
-9.90813076864988
-9.89588944644312
-9.88364728595495
-9.87140428321252
-9.8591604342195
-9.84691573495591
-9.83467018137795
-9.82242376941785
-9.81017649498366
-9.79792835395913
-9.78567934220349
-9.77342945555131
-9.76117868981229
-9.74892704077112
-9.73667450418728
-9.72442107579486
-9.71216675130238
-9.6999115263926
-9.68765539672236
-9.67539835792235
-9.66314040559698
-9.65088153532413
-9.63862174265499
-9.62636102311389
-9.61409937219804
-9.60183678537739
-9.58957325809444
-9.57730878576397
-9.56504336377292
-9.55277698748014
-9.54050965221619
-9.52824135328315
-9.51597208595441
-9.50370184547442
-9.49143062705856
-9.47915842589283
-9.46688523713373
-9.45461105590795
-9.44233587731222
-9.43005969641308
-9.41778250824662
-9.40550430781828
-9.39322509010263
-9.38094485004313
-9.36866358255191
-9.35638128250953
-9.34409794476474
-9.33181356413425
-9.31952813540249
-9.30724165332138
-9.29495411261008
-9.28266550795473
-9.27037583400822
-9.25808508538996
-9.24579325668556
-9.23350034244667
-9.22120633719066
-9.20891123540036
-9.19661503152386
-9.18431771997417
-9.17201929512901
-9.15971975133053
-9.14741908288502
-9.13511728406266
-9.12281434909726
-9.11051027218593
-9.09820504748886
-9.08589866912901
-9.07359113119182
-9.06128242772493
-9.04897255273791
-9.03666150020194
-9.02434926404954
-9.01203583817424
-8.99972121643033
-8.9874053926325
-8.97508836055559
-8.96277011393424
-8.95045064646261
-8.93812995179405
-8.92580802354078
-8.91348485527358
-8.90116044052149
-8.88883477277143
-8.87650784546793
-8.86417965201276
-8.85185018576462
-8.8395194400388
-8.82718740810683
-8.81485408319613
-8.8025194584897
-8.79018352712574
-8.7778462821973
-8.76550771675193
-8.75316782379134
-8.740826596271
-8.72848402709981
-8.71614010913972
-8.70379483520533
-8.69144819806357
-8.67910019043328
-8.66675080498483
-8.65440003433976
-8.64204787107036
-8.6296943076993
-8.61733933669921
-8.60498295049231
-8.59262514144999
-8.5802659018924
-8.56790522408802
-8.55554310025329
-8.54317952255216
-8.53081448309567
-8.51844797394153
-8.50607998709367
-8.49371051450184
-8.48133954806112
-8.46896707961154
-8.45659310093758
-8.44421760376774
-8.43184057977406
-8.41946202057172
-8.40708191771851
-8.39470026271438
-8.38231704700098
-8.36993226196117
-8.35754589891856
-8.34515794913696
-8.33276840381998
-8.32037725411045
-8.30798449108996
-8.29559010577836
-8.28319408913322
-8.27079643204933
-8.25839712535817
-8.24599615982742
-8.23359352616037
-8.22118921499542
-8.20878321690555
-8.19637552239774
-8.18396612191242
-8.17155500582294
-8.15914216443501
-8.14672758798608
-8.13431126664482
-8.12189319051051
-8.10947334961248
-8.09705173390949
-8.08462833328915
-8.07220313756732
-8.05977613648748
-8.04734731972015
-8.03491667686225
-8.02248419743646
-8.01004987089059
-7.997613686597
-7.98517563385184
-7.97273570187453
-7.96029387980697
-7.94785015671299
-7.93540452157761
-7.92295696330637
-7.91050747072467
-7.89805603257705
-7.88560263752651
-7.8731472741538
-7.86068993095669
-7.84823059634928
-7.83576925866125
-7.82330590613713
-7.81084052693555
-7.79837310912852
-7.78590364070062
-7.77343210954829
-7.76095850347904
-7.74848281021063
-7.73600501737034
-7.72352511249413
-7.71104308302587
-7.69855891631648
-7.68607259962317
-7.67358412010855
-7.66109346483983
-7.64860062078795
-7.63610557482674
-7.62360831373206
-7.6111088241809
-7.59860709275051
-7.58610310591753
-7.57359685005706
-7.56108831144175
-7.5485774762409
-7.53606433051952
-7.52354886023739
-7.5110310512481
-7.49851088929811
-7.48598836002578
-7.47346344896036
-7.46093614152105
-7.44840642301596
-7.43587427864111
-7.42333969347942
-7.41080265249966
-7.39826314055542
-7.38572114238406
-7.37317664260561
-7.36062962572176
-7.34808007611471
-7.33552797804607
-7.32297331565582
-7.31041607296109
-7.29785623385511
-7.28529378210599
-7.27272870135562
-7.26016097511847
-7.24759058678038
-7.23501751959742
-7.22244175669463
-7.20986328106483
-7.19728207556736
-7.18469812292681
-7.17211140573183
-7.15952190643377
-7.14692960734544
-7.13433449063976
-7.12173653834851
-7.10913573236091
-7.09653205442234
-7.08392548613292
-7.07131600894619
-7.05870360416766
-7.04608825295343
-7.03346993630877
-7.02084863508666
-7.00822432998633
-6.99559700155182
-6.98296663017045
-6.97033319607133
-6.95769667932385
-6.94505705983613
-6.93241431735344
-6.91976843145668
-6.90711938156071
-6.89446714691283
-6.88181170659107
-6.8691530395026
-6.85649112438203
-6.84382593978975
-6.83115746411021
-6.8184856755502
-6.80581055213711
-6.79313207171719
-6.78045021195372
-6.76776495032526
-6.75507626412378
-6.74238413045285
-6.72968852622577
-6.71698942816367
-6.70428681279361
-6.69158065644665
-6.67887093525591
-6.66615762515457
-6.65344070187388
-6.64072014094117
-6.62799591767776
-6.61526800719693
-6.6025363844018
-6.58980102398322
-6.57706190041766
-6.56431898796499
-6.55157226066635
-6.53882169234187
-6.52606725658847
-6.51330892677759
-6.50054667605287
-6.48778047732785
-6.47501030328358
-6.46223612636632
-6.44945791878503
-6.43667565250904
-6.42388929926549
-6.41109883053692
-6.39830421755867
-6.38550543131639
-6.37270244254344
-6.35989522171823
-6.34708373906164
-6.33426796453429
-6.32144786783388
-6.30862341839239
-6.29579458537334
-6.28296133766898
-6.27012364389743
-6.25728147239981
-6.24443479123734
-6.23158356818835
-6.21872777074535
-6.20586736611198
-6.19300232119993
-6.18013260262589
-6.16725817670839
-6.15437900946463
-6.14149506660727
-6.12860631354119
-6.11571271536017
-6.10281423684358
-6.08991084245303
-6.07700249632891
-6.06408916228693
-6.05117080381469
-6.03824738406805
-6.0253188658676
-6.01238521169498
-5.99944638368925
-5.98650234364313
-5.97355305299925
-5.96059847284631
-5.94763856391523
-5.93467328657522
-5.92170260082982
-5.90872646631288
-5.89574484228451
-5.88275768762693
-5.86976496084033
-5.85676662003861
-5.84376262294515
-5.83075292688841
-5.81773748879761
-5.80471626519823
-5.79168921220755
-5.77865628553005
-5.76561744045281
-5.75257263184084
-5.73952181413231
-5.72646494133378
-5.7134019670153
-5.70033284430554
-5.68725752588671
-5.67417596398961
-5.66108811038841
-5.64799391639551
-5.63489333285627
-5.62178631014369
-5.608672798153
-5.59555274629618
-5.58242610349647
-5.56929281818267
-5.55615283828352
-5.54300611122193
-5.5298525839091
-5.5166922027386
-5.50352491358043
-5.49035066177489
-5.4771693921264
-5.46398104889732
-5.45078557580158
-5.43758291599827
-5.42437301208514
-5.41115580609204
-5.39793123947419
-5.38469925310547
-5.37145978727152
-5.35821278166282
-5.3449581753676
-5.33169590686474
-5.3184259140165
-5.30514813406118
-5.29186250360572
-5.27856895861808
-5.26526743441966
-5.25195786567752
-5.23864018639651
-5.22531432991132
-5.21198022887839
-5.1986378152677
-5.1852870203545
-5.17192777471087
-5.15856000819716
-5.14518364995337
-5.13179862839031
-5.11840487118078
-5.10500230525045
-5.09159085676876
-5.07817045113962
-5.06474101299198
-5.0513024661703
-5.03785473372484
-5.02439773790185
-5.01093140013358
-4.99745564102822
-4.98397038035961
-4.97047553705685
-4.95697102919374
-4.94345677397812
-4.92993268774098
-4.91639868592544
-4.90285468307563
-4.8893005928253
-4.87573632788639
-4.86216180003729
-4.84857692011108
-4.83498159798346
-4.82137574256065
-4.80775926176693
-4.7941320625322
-4.78049405077918
-4.76684513141054
-4.75318520829578
-4.73951418425796
-4.72583196106017
-4.71213843939186
-4.69843351885496
-4.68471709794974
-4.67098907406053
-4.65724934344119
-4.64349780120033
-4.62973434128642
-4.61595885647253
-4.60217123834095
-4.58837137726753
-4.5745591624058
-4.56073448167083
-4.54689722172289
-4.53304726795081
-4.5191845044551
-4.50530881403086
-4.49142007815033
-4.47751817694532
-4.46360298918919
-4.44967439227872
-4.43573226221561
-4.42177647358771
-4.40780689954996
-4.39382341180506
-4.37982588058381
-4.36581417462515
-4.35178816115593
-4.33774770587028
-4.32369267290878
-4.30962292483716
-4.29553832262479
-4.28143872562278
-4.26732399154173
-4.25319397642913
-4.23904853464644
-4.22488751884577
-4.2107107799462
-4.19651816710972
-4.18230952771683
-4.16808470734167
-4.15384354972682
-4.13958589675771
-4.12531158843654
-4.11102046285584
-4.09671235617165
-4.08238710257612
-4.06804453426986
-4.05368448143368
-4.03930677219997
-4.02491123262359
-4.01049768665226
-3.99606595609651
-3.98161586059911
-3.96714721760404
-3.95265984232489
-3.93815354771281
-3.92362814442387
-3.90908344078595
-3.89451924276503
-3.87993535393095
-3.8653315754226
-3.85070770591251
-3.83606354157092
-3.82139887602916
-3.8067135003425
-3.79200720295232
-3.77727976964771
-3.76253098352636
-3.74776062495484
-3.7329684715282
-3.7181542980289
-3.70331787638501
-3.68845897562775
-3.67357736184829
-3.65867279815384
-3.64374504462291
-3.62879385825996
-3.61381899294912
-3.59882019940724
-3.58379722513604
-3.56874981437354
-3.55367770804456
-3.53858064371044
-3.52345835551786
-3.50831057414679
-3.4931370267575
-3.47793743693675
-3.46271152464293
-3.44745900615032
-3.43217959399238
-3.41687299690401
-3.40153891976282
-3.38617706352939
-3.37078712518648
-3.35536879767715
-3.33992176984178
-3.32444572635408
-3.30894034765583
-3.29340530989055
-3.27784028483599
-3.26224493983544
-3.24661893772775
-3.23096193677615
-3.21527359059584
-3.19955354808024
-3.1838014533259
-3.16801694555612
-3.1521996590432
-3.13634922302922
-3.12046526164549
-3.10454739383049
-3.08859523324636
-3.07260838819382
-3.05658646152566
-3.04052905055855
-3.02443574698331
-3.00830613677356
-2.99213980009264
-2.9759363111989
-2.95969523834924
-2.94341614370085
-2.92709858321123
-2.91074210653628
-2.8943462569266
-2.8779105711218
-2.86143457924298
-2.8449178046831
-2.82835976399541
-2.81175996677978
-2.79511791556694
-2.77843310570055
-2.76170502521714
-2.74493315472372
-2.72811696727321
-2.71125592823747
-2.69434949517805
-2.67739711771441
-2.66039823738977
-2.64335228753442
-2.62625869312642
-2.6091168706498
-2.59192622794993
-2.57468616408636
-2.5573960691827
-2.54005532427382
-2.52266330115012
-2.50521936219877
-2.48772286024211
-2.47017313837289
-2.45256952978636
-2.4349113576093
-2.41719793472568
-2.3994285635991
-2.38160253609179
-2.36371913328024
-2.34577762526726
-2.32777727099048
-2.30971731802724
-2.29159700239569
-2.27341554835218
-2.25517216818474
-2.23686606200258
-2.21849641752167
-2.20006240984612
-2.1815632012455
-2.16299794092775
-2.14436576480792
-2.12566579527235
-2.10689714093845
-2.08805889640977
-2.06915014202653
-2.05016994361126
-2.03111735220964
-2.01199140382637
-1.99279111915601
-1.97351550330865
-1.95416354553038
-1.93473421891839
-1.9152264801307
-1.89563926909027
-1.87597150868353
-1.85622210445322
-1.83638994428526
-1.81647389808983
-1.79647281747628
-1.77638553542196
-1.75621086593473
-1.73594760370911
-1.715594523776
-1.69515038114571
-1.67461391044435
-1.65398382554336
-1.63325881918214
-1.61243756258361
-1.59151870506257
-1.57050087362686
-1.54938267257104
-1.52816268306262
-1.50683946272063
-1.48541154518647
-1.46387743968682
-1.44223563058875
-1.42048457694652
-1.39862271204034
-1.37664844290675
-1.35456014986058
-1.33235618600834
-1.31003487675304
-1.28759451929014
-1.26503338209475
-1.2423497043998
-1.21954169566514
-1.19660753503755
-1.17354537080141
-1.1503533198201
-1.12702946696791
-1.10357186455252
-1.07997853172781
-1.0562474538971
-1.03237658210664
-1.00836383242933
-0.984207085338647
-0.959904185072706
-0.935452938988433
-0.910851116905841
-0.886096450442398
-0.861186632337465
-0.836119315766846
-0.810892113647463
-0.785502597932197
-0.759948298894955
-0.73422670440603
-0.708335259197859
-0.682271364121264
-0.656032375392333
-0.629615603830069
-0.603018314084998
-0.57623772385893
-0.549271003116098
-0.522115273285929
-0.494767606457741
-0.467225024567666
-0.439484498578178
-0.411542947650583
-0.383397238310925
-0.355044183609765
-0.326480542276354
-0.29770301786775
-0.268708257913505
-0.239492853056583
-0.210053336191221
-0.180386181598531
-0.150487804080671
-0.120354558094521
-0.0899827368858228
-0.0593685716248737
-0.0285082305448936
0.00260218191569384
0.0339666259657505
0.065589127307266
0.0974737779730417
0.129624737154586
0.162046232018488
0.194742558509412
0.227718082137722
0.260977238749625
0.294524535277567
0.328364550468478
0.362501935587288
0.396941415092992
0.431687787284347
0.466745924912101
0.502120775754482
0.537817363152432
0.573840786500889
0.610196221692174
0.646888921507302
0.683924215950789
0.721307512524278
0.759044296433971
0.797140130726661
0.835600656348741
0.874431592122346
0.913638734632358
0.953227958017738
0.993205213660207
1.03357652976295
1.07434801081162
1.11552583690944
1.15711626297788
1.19912561781375
1.24156030299324
1.28442679161286
1.32773162685664
1.37148142037866
1.41568285048903
1.46034266013119
1.50546765463777
1.55106469925128
1.59714071639571
1.6437026826842
1.6907576256472
1.738312620165
1.78637478458769
1.83495127652482
1.88404928828633
1.93367604195546
1.9838387840737
2.03454477991672
2.08580130733979
2.13761565016994
2.18999509112166
2.24294690421171
2.29647834664805
2.35059665016691
2.40530901179117
2.46062258398244
2.51654446415835
2.57308168354586
2.63024119534054
2.68802986214111
2.74645444262786
2.80552157745285
2.86523777430947
2.92560939214811
2.98664262450469
3.04834348190826
3.11071777333381
3.17377108666634
3.23750876814254
3.30193590073645
3.36705728145618
3.43287739751937
3.49940040137592
3.56663008454786
3.63456985025755
3.70322268481718
3.77259112775477
3.84267724065409
3.91348257468902
3.98500813683605
4.05725435475232
4.13022104031095
4.20390735179005
4.27831175471727
4.35343198137753
4.42926498899829
4.50580691663374
4.58305304077751
4.66099772974179
4.7396343968506
4.81895545250472
4.89895225518727
4.9796150614904
5.06093297525652
5.14289389594097
5.22548446631755
5.30869001966345
5.39249452657647
5.47688054159419
5.56182914980255
5.64731991363978
5.73333082012058
5.81983822872537
5.90681682021936
5.99423954668693
6.08207758308743
6.17030028065949
6.25887512252155
6.34776768183684
6.43694158293096
6.5263584657693
6.61597795421959
6.70575762854185
6.79565300256273
6.8856175060047
6.97560247245107
7.06555713343598
7.1554286191533
7.24516196627991
7.33470013340633
7.42398402456092
7.5129525213022
7.60154252383767
7.68968900160527
7.77732505372588
7.86438197970192
7.95078936069648
8.03647515168148
8.12136578469013
8.2053862833491
8.28846038880005
8.37051069704719
8.45145880768908
8.53122548390809
8.60973082350136
8.68689444064234
8.76263565796374
8.83687370845079
8.90952794653005
8.98051806763432
9.04976433541907
9.11718781570278
9.18271061610278
9.24625613024186
9.30774928531013
9.36711679168286
9.42428739322001
9.47919211680816
9.53176451965188
9.58194093278025
9.62966069920769
9.67486640517507
9.71750410290088
9.75752352329115
9.79487827709321
9.82952604303063
9.8614287415262
9.8905526927052
9.91686875747211
9.94035246056948
9.96098409465669
9.97874880458724
9.99363665121455
10.0056426542161
10.0147668135917
10.0210141096642
10.02439448158
10.0249227844856
10.0226187257217
10.0175067805457
10.0096160880531
9.99898032811872
9.98563758031966
9.96963016593239
9.95100447420959
9.92981077424521
9.90610301382077
9.8799386066954
9.85137820985469
9.82048549226953
9.78732689673539
9.75197139636566
9.71449024730039
9.67495673916431
9.63344594476732
9.59003447048661
9.54480020870485
9.49782209360358
9.44917986152733
9.39895381704328
9.34722460572488
9.2940729945869
9.23957966099664
9.18382499078063
9.12688888614174
9.0688505838976
9.00978848444965
8.94977999179369
8.88890136478804
8.82722757980603
8.76483220481448
8.70178728484144
8.63816323872383
8.57402876695923
8.50945077042676
8.44449427968848
8.3792223945369
8.31369623341347
8.24797489228987
8.18211541257555
8.11617275759364
8.05019979715027
7.98424729971131
7.91836393169343
7.85259626337417
7.78698878092688
7.72158390409154
7.65642200900042
7.59154145568814
7.52697861982908
7.46276792826002
7.39894189786252
7.33553117739795
7.27256459190696
7.21006918930517
7.14807028882737
7.08659153099314
7.02565492878778
6.96528091977306
6.90548841886305
6.84629487152015
6.78771630714657
6.72976739246512
6.67246148470201
6.61581068440188
6.55982588772233
6.50451683807121
6.4498921769654
6.39595949400412
6.34272537586336
6.2901954542309
6.23837445261315
6.18726623195589
6.13687383503167
6.08719952955557
6.03824484999994
5.99001063808667
5.94249708194265
5.89570375391072
5.8496296470144
5.80427321007981
5.75963238152318
5.71570462181649
5.67248694464756
5.62997594679401
5.58816783673382
5.54705846201709
5.50664333542618
5.46691765995298
5.42787635262346
5.38951406720091
5.35182521580034
5.31480398944676
5.27844437761112
5.24274018675751
5.20768505793551
5.17327248345177
5.1394958226542
5.10634831686252
5.07382310347801
5.0419132293051
5.01061166311683
4.97991130749557
4.94980500997971
4.92028557354638
4.89134576645933
4.86297833151061
4.83517599468346
4.8079314732634
4.78123748342338
4.75508674730814
4.729471999642
4.7043859938835
4.67982150794937
4.65577134952968
4.63222836101488
4.60918542405489
4.5866354637694
4.56457145262797
4.54298641401746
4.52187342551388
4.50122562187472
4.48103619776736
4.46129841024834
4.44200558100755
4.42315109839094
4.40472841921445
4.38673107038158
4.36915265031614
4.35198683022132
4.33522735517566
4.31886804507591
4.30290279543645
4.28732557805407
4.27213044154706
4.25731151177645
4.24286299215738
4.22877916386769
4.215054385961
4.20168309539051
4.18865980695002
4.1759791131379
4.16363568394961
4.15162426660416
4.13993968520921
4.12857684036983
4.11753070874508
4.10679634255672
4.09636886905402
4.08624348993821
4.0764154807503
4.06688019022536
4.05763303961646
4.04866952199115
4.03998520150323
4.03157571264233
4.02343675946379
4.01556411480101
4.0079536194625
4.00060118141544
3.99350277495786
3.98665443988088
3.98005228062293
3.97369246541724
3.96757122543409
3.96168485391923
3.95602970532954
3.95060219446718
3.94539879561326
3.94041604166202
3.93565052325641
3.931098887926
3.92675783922784
3.92262413589119
3.91869459096659
3.91496607098011
3.91143549509304
3.90809983426785
3.90495611044068
3.90200139570085
3.89923281147778
3.89664752773571
3.89424276217645
3.89201577945052
3.88996389037693
3.88808445117176
3.88637486268584
3.88483256965159
3.88345505993933
3.88223986382295
3.88118455325533
3.8802867411534
3.87954408069296
3.87895426461337
3.8785150245321
3.87822413026916
3.87807938918148
3.87807864550717
3.87821977971971
3.878500707892
3.87891938107029
3.8794737846579
3.88016193780872
3.88098189283041
3.88193173459727
3.88300957997268
3.88421357724102
3.88554190554907
3.88699277435668
3.88856442289679
3.89025511964448
3.89206316179525
3.89398687475208
3.89602461162149
3.89817475271832
3.90043570507908
3.90280590198401
3.90528380248737
3.9078678909562
3.91055667661722
3.9133486931118
3.91624249805898
3.91923667262627
3.92232982110824
3.92552057051271
3.92880757015449
3.93218949125651
3.93566502655814
3.93923288993085
3.94289181600074
3.94664055977813
3.95047789629389
3.95440262024258
3.95841354563203
3.9625095054396
3.96668935127465
3.97095195304733
3.9752961986436
3.97972099360616
3.98422526082147
3.98880794021249
3.99346798843722
3.99820437859286
4.0030160999255
4.00790215754524
4.01286157214662
4.01789337973435
4.02299663135411
4.02817039282844
4.03341374449753
4.03872578096497
4.04410561084814
4.04955235653339
4.05506515393577
4.06064315226323
4.06628551378531
4.07199141360616
4.07776003944171
4.08359059140121
4.08948228177266
4.09543433481242
4.10144598653864
4.10751648452866
4.11364508772012
4.11983106621581
4.12607370109223
4.13237228421161
4.13872611803755
4.14513451545403
4.1515967995878
4.15811230363415
4.1646803706858
4.17130035356509
4.17797161465922
4.18469352575857
4.19146546789799
4.19828683120113
4.2051570147275
4.21207542632251
4.21904148247016
4.22605460814852
4.23311423668788
4.24021980963146
4.24737077659873
4.25456659515122
4.2618067306608
4.26909065618039
4.276417852317
4.28378780710716
4.29120001589454
4.29865398120985
4.30614921265297
4.31368522677715
4.32126154697536
4.32887770336867
4.33653323269672
4.3442276782101
4.35196058956472
4.35973152271806
4.36754003982732
4.3753857091494
4.38326810494265
4.39118680737042
4.39914140240631
4.40713148174115
4.41515664269161
4.42321648811048
4.43131062629848
4.43943867091776
4.44760024090678
4.45579496039686
4.46402245863008
4.47228236987874
4.48057433336614
4.48889799318884
4.49725299824024
4.50563900213554
4.51405566313799
4.52250264408644
4.53097961232416
4.53948623962891
4.54802220214421
4.55658718031185
4.56518085880551
4.5738029264656
4.58245307623518
4.59113100509699
4.59983641401162
4.60856900785668
4.61732849536708
4.62611458907626
4.63492700525851
4.64376546387222
4.65262968850415
4.66151940631457
4.67043434798346
4.67937424765748
4.68833884289798
4.69732787462978
4.7063410870909
4.71537822778306
4.72443904742311
4.73352329989519
4.74263074220373
4.75176113442728
4.76091423967302
4.77008982403213
4.77928765653583
4.7885075091122
4.79774915654368
4.80701237642533
4.81629694912372
4.82560265773654
4.83492928805288
4.84427662851412
4.85364447017553
4.86303260666845
4.87244083416309
4.88186895133201
4.8913167593141
4.90078406167918
4.91027066439324
4.91977637578416
4.92930100650801
4.93884436951594
4.94840628002155
4.9579865554688
4.96758501550047
4.97720148192709
4.98683577869639
4.99648773186321
5.00615716955995
5.01584392196742
5.02554782128623
5.03526870170853
5.04500639939036
5.05476075242425
5.06453160081241
5.07431878644025
5.08412215305036
5.09394154621688
5.10377681332031
5.11362780352265
5.12349436774296
5.13337635863336
5.14327363055531
5.1531860395563
5.16311344334694
5.17305570127832
5.18301267431981
5.19298422503717
5.20297021757095
5.21297051761529
5.22298499239704
5.23301351065514
5.24305594262039
5.25311215999549
5.26318203593539
5.27326544502792
5.28336226327479
5.29347236807278
5.30359563819525
5.31373195377401
5.32388119628131
5.33404324851223
5.34421799456729
5.35440531983533
5.36460511097659
5.37481725590617
5.38504164377759
5.3952781649667
5.4055267110558
5.41578717481794
5.4260594502016
5.43634343231539
5.44663901741317
5.45694610287927
5.46726458721397
5.47759437001918
5.48793535198436
5.4982874348726
5.50865052150696
5.51902451575694
5.52940932252521
5.5398048477345
5.55021099831468
5.56062768219007
5.57105480826686
5.58149228642076
5.59194002748485
5.60239794323753
5.61286594639072
5.62334395057818
5.63383187034404
5.64432962113142
5.65483711927132
5.66535428197155
5.67588102730594
5.68641727420359
5.69696294243832
5.70751795261833
5.71808222617587
5.72865568535719
5.73923825321256
5.74982985358642
5.76043041110773
5.7710398511804
5.78165809997387
5.79228508441382
5.80292073217302
5.81356497166231
5.82421773202169
5.83487894311149
5.84554853550381
5.85622644047387
5.86691258999168
5.87760691671368
5.88830935397454
5.89901983577912
5.90973829679448
5.92046467234202
5.93119889838971
5.94194091154447
5.95269064904461
5.96344804875239
5.97421304914669
5.98498558931574
5.99576560895002
6.00655304833518
6.01734784834507
6.02814995043495
6.03895929663464
6.0497758295419
6.06059949231582
6.07143022867034
6.08226798286779
6.09311269971262
6.10396432454513
6.11482280323529
6.12568808217671
6.13656010828057
6.14743882896977
6.15832419217305
6.16921614631924
6.18011464033155
6.19101962362197
6.20193104608573
6.21284885809583
6.22377301049763
6.23470345460353
6.24564014218771
6.25658302548095
6.26753205716547
6.27848719036994
6.28944837866441
6.30041557605544
6.3113887369812
6.3223678163067
6.33335276931903
6.34434355172265
6.35534011963485
6.36634242958112
6.37735043849065
6.38836410369194
6.39938338290834
6.41040823425376
6.42143861622839
6.43247448771445
6.44351580797205
6.45456253663504
6.46561463370696
6.47667205955703
6.48773477491615
6.49880274087304
6.50987591887031
6.52095427070069
6.53203775850323
6.54312634475959
6.55421999229035
6.56531866425138
6.57642232413026
6.58753093574271
6.59864446322913
6.60976287105111
6.62088612398802
6.63201418713367
6.64314702589291
6.65428460597841
6.66542689340738
6.67657385449833
6.68772545586796
6.69888166442796
6.71004244738197
6.7212077722225
6.73237760672788
6.74355191895933
6.75473067725797
6.76591385024193
6.77710140680344
6.78829331610603
6.79948954758169
6.81069007092809
6.82189485610589
6.83310387333593
6.84431709309666
6.85553448612141
6.86675602339584
6.87798167615529
6.8892114158823
6.90044521430402
6.91168304338975
6.92292487534849
6.93417068262647
6.94542043790475
6.95667411409687
6.96793168434648
6.979193122025
6.99045840072935
7.00172749427969
7.01300037671713
7.02427702230155
7.03555740550942
7.04684150103159
7.05812928377119
7.06942072884148
7.08071581156379
7.09201450746545
7.10331679227771
7.11462264193375
7.1259320325667
7.1372449405076
7.14856134228352
7.15988121461559
7.17120453441711
7.18253127879165
7.19386142503118
7.20519495061426
7.21653183320418
7.22787205064717
7.23921558097063
7.25056240238135
7.26191249326378
7.27326583217831
7.28462239785956
7.29598216921467
7.30734512532171
7.31871124542795
7.33008050894826
7.34145289546354
7.35282838471906
7.36420695662295
7.37558859124458
7.38697326881306
7.39836096971574
7.40975167449663
7.42114536385497
7.43254201864375
7.44394161986822
7.45534414868449
7.46674958639807
7.4781579144625
7.4895691144779
7.50098316818965
7.51240005748698
7.52381976440165
7.53524227110659
7.54666755991461
7.55809561327707
7.56952641378259
7.58095994415579
7.59239618725601
7.60383512607605
7.61527674374096
7.62672102350681
7.63816794875944
7.64961750301332
7.66106966991034
7.67252443321862
7.68398177683136
7.69544168476573
7.70690414116168
7.71836913028083
7.72983663650539
7.74130664433702
7.75277913839579
7.76425410341903
7.77573152426034
7.78721138588849
7.7986936733864
7.81017837195009
7.82166546688768
7.83315494361835
7.84464678767136
7.85614098468507
7.86763752040594
7.87913638068757
7.89063755148972
7.90214101887741
7.91364676901994
7.92515478818996
7.93666506276258
7.94817757921441
7.95969232412273
7.97120928416452
7.98272844611565
7.99424979684992
8.00577332333831
8.017299012648
8.02882685194162
8.04035682847636
8.05188892960315
8.06342314276586
8.07495945550045
8.0864978554342
8.09803833028488
8.10958086785998
8.12112545605594
8.13267208285737
8.14422073633624
8.15577140465122
8.16732407604681
8.1788787388527
8.190435381483
8.20199399243546
8.21355456029084
8.22511707371214
8.2366815214439
8.24824789231152
8.25981617522054
8.27138635915599
8.28295843318167
8.29453238643952
8.30610820814893
8.31768588760607
8.32926541418327
8.34084677732837
8.35242996656404
8.36401497148721
8.37560178176838
8.38719038715104
8.39878077745105
8.41037294255602
8.42196687242471
8.43356255708646
8.44515998664053
8.45675915125559
8.46836004116912
8.47996264668681
8.49156695818199
8.50317296609512
8.51478066093318
8.52639003326913
8.53800107374138
8.54961377305323
8.56122812197233
8.57284411133019
8.58446173202159
8.59608097500411
8.60770183129758
8.6193242919836
8.63094834820501
8.64257399116539
8.65420121212859
8.66583000241819
8.67746035341706
8.68909225656684
8.70072570336751
8.71236068537684
8.72399719420999
8.73563522153903
8.74727475909246
8.75891579865474
8.77055833206591
8.78220235122105
8.79384784806991
8.80549481461642
8.81714324291829
8.82879312508657
8.84044445328519
8.8520972197306
8.86375141669128
8.87540703648738
8.8870640714903
8.89872251412224
8.91038235685584
8.92204359221377
8.93370621276832
8.94537021114103
8.95703558000227
8.96870231207089
8.98037040011379
8.99203983694561
9.00371061542827
9.01538272847068
9.02705616902831
9.03873093010287
9.05040700474191
9.06208438603848
9.07376306713079
9.08544304120182
9.097124301479
9.10880684123386
9.1204906537817
9.1321757324812
9.14386207073414
9.15554966198505
9.16723849972085
9.17892857747058
9.19061988880502
9.20231242733639
9.21400618671805
9.22570116064414
9.23739734284931
9.2490947271084
9.2607933072361
9.2724930770867
9.28419403055374
9.29589616156972
9.30759946410583
9.31930393217164
9.33100955981479
9.34271634112072
9.3544242702124
9.36613334124999
9.37784354843064
9.38955488598813
9.40126734819265
9.41298092935049
9.4246956238038
9.4364114259303
9.44812833014301
9.45984633089
9.47156542265411
9.48328559995271
9.49500685733745
9.50672918939394
9.51845259074159
9.53017705603329
9.54190257995519
9.55362915722643
9.56535678259894
9.57708545085715
9.58881515681777
9.60054589532955
9.61227766127306
9.62401044956041
9.63574425513507
9.64747907297161
9.65921489807547
9.67095172548275
9.68268955025997
9.69442836750387
9.70616817234114
9.71790895992828
9.7296507254513
9.74139346412555
9.75313717119551
9.76488184193457
9.77662747164478
9.78837405565674
9.80012158932927
9.81187006804932
9.82361948723168
9.83536984231883
9.84712112878072
9.85887334211459
9.87062647784474
9.88238053152237
9.89413549872537
9.90589137505812
9.91764815615135
9.92940583766187
9.94116441527245
9.95292388469161
9.96468424165345
9.97644548191743
9.98820760126825
9.99997059551561
10.0117344604941
10.0234991920629
10.0352647861058
10.0470312385308
10.0587985452702
10.0705667022802
10.0823357055408
10.0941055510556
10.1058762348519
10.11764775298
10.1294201015136
10.1411932765493
10.1529672742066
10.1647420906276
10.1765177219769
10.1882941644414
10.2000714142305
10.2118494675752
10.2236283207288
10.2354079699662
10.2471884115836
10.2589696418992
10.2707516572519
10.2825344540023
10.2943180285316
10.3061023772421
10.3178874965565
10.3296733829185
10.3414600327918
10.3532474426608
10.3650356090296
10.3768245284228
10.3886141973844
10.4004046124785
10.4121957702885
10.4239876674176
10.4357803004882
10.4475736661417
10.4593677610388
10.4711625818591
10.4829581253011
10.4947543880818
10.5065513669369
10.5183490586205
10.5301474599051
10.5419465675811
10.5537463784573
10.5655468893604
10.5773480971347
10.5891499986424
10.6009525907633
10.6127558703945
10.6245598344506
10.6363644798634
10.6481698035819
10.6599758025719
10.6717824738162
10.6835898143145
10.6953978210831
10.7072064911547
10.7190158215786
10.7308258094205
10.7426364517623
10.7544477457018
10.7662596883531
10.778072276846
10.7898855083264
10.8016993799556
10.8135138889106
10.825329032384
10.8371448075837
10.8489612117329
10.8607782420699
10.8725958958484
10.8844141703368
10.8962330628184
10.9080525705916
10.9198726909691
10.9316934212786
10.9435147588621
10.955336701076
10.967159245291
10.9789823888923
10.990806129279
11.0026304638643
11.0144553900753
11.0262809053532
11.0381070071526
11.0499336929423
11.0617609602042
11.073588806434
11.0854172291409
11.0972462258471
11.1090757940884
11.1209059314136
11.1327366353846
11.1445679035765
11.156399733577
11.1682321229869
11.1800650694197
11.1918985705014
11.2037326238708
11.2155672271792
11.2274023780903
11.2392380742802
11.2510743134371
11.2629110932617
11.2747484114665
11.2865862657764
11.2984246539279
11.3102635736698
11.3221030227624
11.3339429989779
11.3457835001001
11.3576245239245
11.369466068258
11.3813081309192
11.3931507097378
11.4049938025549
11.4168374072231
11.4286815216057
11.4405261435775
11.4523712710242
11.4642169018425
11.4760630339399
11.4879096652348
11.4997567936565
11.5116044171447
11.52345253365
11.5353011411335
11.5471502375667
11.5589998209316
11.5708498892207
11.5827004404366
11.5945514725922
11.6064029837107
11.6182549718254
11.6301074349794
11.6419603712262
11.653813778629
11.6656676552609
11.6775219992047
11.6893768085533
11.7012320814089
11.7130878158837
11.7249440100991
11.7368006621863
11.748657770286
11.760515332548
11.7723733471318
11.7842318122058
11.7960907259482
11.8079500865457
11.8198098921947
11.8316701411004
11.8435308314771
11.8553919615479
11.8672535295449
11.8791155337093
11.8909779722907
11.9028408435476
11.9147041457474
11.9265678771659
11.9384320360876
11.9502966208054
11.9621616296208
11.9740270608439
11.985892912793
11.9977591837946
12.0096258721838
12.0214929763038
12.033360494506
12.0452284251498
12.0570967666031
12.0689655172414
