-12
-11.991182208266
-11.9823644165319
-11.9735466247979
-11.9647288330639
-11.9559110413299
-11.9470932495958
-11.9382754578618
-11.9294576661278
-11.9206398743938
-11.9118220826597
-11.9030042909257
-11.8941864991917
-11.8853687074577
-11.8765509157236
-11.8677331239896
-11.8589153322556
-11.8500975405216
-11.8412797487875
-11.8324619570535
-11.8236441653195
-11.8148263735855
-11.8060085818514
-11.7971907901174
-11.7883729983834
-11.7795552066494
-11.7707374149153
-11.7619196231813
-11.7531018314473
-11.7442840397133
-11.7354662479792
-11.7266484562452
-11.7178306645112
-11.7090128727772
-11.7001950810431
-11.6913772893091
-11.6825594975751
-11.6737417058411
-11.664923914107
-11.656106122373
-11.647288330639
-11.638470538905
-11.6296527471709
-11.6208349554369
-11.6120171637029
-11.6031993719689
-11.5943815802348
-11.5855637885008
-11.5767459967668
-11.5679282050328
-11.5591104132987
-11.5502926215647
-11.5414748298307
-11.5326570380967
-11.5238392463626
-11.5150214546286
-11.5062036628946
-11.4973858711606
-11.4885680794265
-11.4797502876925
-11.4709324959585
-11.4621147042245
-11.4532969124904
-11.4444791207564
-11.4356613290224
-11.4268435372884
-11.4180257455543
-11.4092079538203
-11.4003901620863
-11.3915723703523
-11.3827545786182
-11.3739367868842
-11.3651189951502
-11.3563012034161
-11.3474834116821
-11.3386656199481
-11.3298478282141
-11.32103003648
-11.312212244746
-11.303394453012
-11.294576661278
-11.2857588695439
-11.2769410778099
-11.2681232860759
-11.2593054943419
-11.2504877026078
-11.2416699108738
-11.2328521191398
-11.2240343274058
-11.2152165356717
-11.2063987439377
-11.1975809522037
-11.1887631604697
-11.1799453687356
-11.1711275770016
-11.1623097852676
-11.1534919935336
-11.1446742017995
-11.1358564100655
-11.1270386183315
-11.1182208265975
-11.1094030348634
-11.1005852431294
-11.0917674513954
-11.0829496596614
-11.0741318679273
-11.0653140761933
-11.0564962844593
-11.0476784927253
-11.0388607009912
-11.0300429092572
-11.0212251175232
-11.0124073257892
-11.0035895340551
-10.9947717423211
-10.9859539505871
-10.9771361588531
-10.968318367119
-10.959500575385
-10.950682783651
-10.941864991917
-10.9330472001829
-10.9242294084489
-10.9154116167149
-10.9065938249809
-10.8977760332468
-10.8889582415128
-10.8801404497788
-10.8713226580448
-10.8625048663107
-10.8536870745767
-10.8448692828427
-10.8360514911087
-10.8272336993746
-10.8184159076406
-10.8095981159066
-10.8007803241725
-10.7919625324385
-10.7831447407045
-10.7743269489705
-10.7655091572364
-10.7566913655024
-10.7478735737684
-10.7390557820344
-10.7302379903003
-10.7214201985663
-10.7126024068323
-10.7037846150983
-10.6949668233642
-10.6861490316302
-10.6773312398962
-10.6685134481622
-10.6596956564281
-10.6508778646941
-10.6420600729601
-10.6332422812261
-10.624424489492
-10.615606697758
-10.606788906024
-10.59797111429
-10.5891533225559
-10.5803355308219
-10.5715177390879
-10.5626999473539
-10.5538821556198
-10.5450643638858
-10.5362465721518
-10.5274287804178
-10.5186109886837
-10.5097931969497
-10.5009754052157
-10.4921576134817
-10.4833398217476
-10.4745220300136
-10.4657042382796
-10.4568864465456
-10.4480686548115
-10.4392508630775
-10.4304330713435
-10.4216152796095
-10.4127974878754
-10.4039796961414
-10.3951619044074
-10.3863441126734
-10.3775263209393
-10.3687085292053
-10.3598907374713
-10.3510729457373
-10.3422551540032
-10.3334373622692
-10.3246195705352
-10.3158017788012
-10.3069839870671
-10.2981661953331
-10.2893484035991
-10.2805306118651
-10.271712820131
-10.262895028397
-10.254077236663
-10.245259444929
-10.2364416531949
-10.2276238614609
-10.2188060697269
-10.2099882779928
-10.2011704862588
-10.1923526945248
-10.1835349027908
-10.1747171110567
-10.1658993193227
-10.1570815275887
-10.1482637358547
-10.1394459441206
-10.1306281523866
-10.1218103606526
-10.1129925689186
-10.1041747771845
-10.0953569854505
-10.0865391937165
-10.0777214019825
-10.0689036102484
-10.0600858185144
-10.0512680267804
-10.0424502350464
-10.0336324433123
-10.0248146515783
-10.0159968598443
-10.0071790681103
-9.99836127637624
-9.98954348464222
-9.98072569290819
-9.97190790117416
-9.96309010944014
-9.95427231770611
-9.94545452597209
-9.93663673423806
-9.92781894250404
-9.91900115077001
-9.91018335903599
-9.90136556730196
-9.89254777556794
-9.88372998383391
-9.87491219209988
-9.86609440036586
-9.85727660863184
-9.84845881689781
-9.83964102516378
-9.83082323342976
-9.82200544169573
-9.81318764996171
-9.80436985822768
-9.79555206649366
-9.78673427475963
-9.77791648302561
-9.76909869129158
-9.76028089955756
-9.75146310782353
-9.7426453160895
-9.73382752435548
-9.72500973262146
-9.71619194088743
-9.7073741491534
-9.69855635741938
-9.68973856568535
-9.68092077395133
-9.6721029822173
-9.66328519048328
-9.65446739874925
-9.64564960701523
-9.6368318152812
-9.62801402354718
-9.61919623181315
-9.61037844007912
-9.6015606483451
-9.59274285661107
-9.58392506487705
-9.57510727314302
-9.566289481409
-9.55747168967497
-9.54865389794095
-9.53983610620692
-9.5310183144729
-9.52220052273887
-9.51338273100485
-9.50456493927082
-9.49574714753679
-9.48692935580277
-9.47811156406874
-9.46929377233472
-9.46047598060069
-9.45165818886667
-9.44284039713264
-9.43402260539862
-9.42520481366459
-9.41638702193057
-9.40756923019654
-9.39875143846252
-9.38993364672849
-9.38111585499446
-9.37229806326044
-9.36348027152641
-9.35466247979239
-9.34584468805836
-9.33702689632434
-9.32820910459031
-9.31939131285629
-9.31057352112226
-9.30175572938824
-9.29293793765421
-9.28412014592019
-9.27530235418616
-9.26648456245213
-9.25766677071811
-9.24884897898408
-9.24003118725006
-9.23121339551603
-9.22239560378201
-9.21357781204798
-9.20476002031396
-9.19594222857993
-9.18712443684591
-9.17830664511188
-9.16948885337785
-9.16067106164383
-9.1518532699098
-9.14303547817578
-9.13421768644175
-9.12539989470773
-9.1165821029737
-9.10776431123968
-9.09894651950565
-9.09012872777163
-9.0813109360376
-9.07249314430358
-9.06367535256955
-9.05485756083553
-9.0460397691015
-9.03722197736747
-9.02840418563345
-9.01958639389942
-9.0107686021654
-9.00195081043137
-8.99313301869735
-8.98431522696332
-8.9754974352293
-8.96667964349527
-8.95786185176125
-8.94904406002722
-8.94022626829319
-8.93140847655917
-8.92259068482515
-8.91377289309112
-8.90495510135709
-8.89613730962307
-8.88731951788904
-8.87850172615502
-8.86968393442099
-8.86086614268697
-8.85204835095294
-8.84323055921892
-8.83441276748489
-8.82559497575087
-8.81677718401684
-8.80795939228281
-8.79914160054879
-8.79032380881477
-8.78150601708074
-8.77268822534671
-8.76387043361269
-8.75505264187866
-8.74623485014464
-8.73741705841061
-8.72859926667659
-8.71978147494256
-8.71096368320854
-8.70214589147451
-8.69332809974049
-8.68451030800646
-8.67569251627243
-8.66687472453841
-8.65805693280438
-8.64923914107036
-8.64042134933633
-8.63160355760231
-8.62278576586828
-8.61396797413426
-8.60515018240023
-8.59633239066621
-8.58751459893218
-8.57869680719816
-8.56987901546413
-8.56106122373011
-8.55224343199608
-8.54342564026205
-8.53460784852803
-8.525790056794
-8.51697226505998
-8.50815447332595
-8.49933668159193
-8.4905188898579
-8.48170109812388
-8.47288330638985
-8.46406551465583
-8.4552477229218
-8.44642993118778
-8.43761213945375
-8.42879434771972
-8.4199765559857
-8.41115876425167
-8.40234097251765
-8.39352318078362
-8.3847053890496
-8.37588759731557
-8.36706980558155
-8.35825201384752
-8.3494342221135
-8.34061643037947
-8.33179863864545
-8.32298084691142
-8.31416305517739
-8.30534526344337
-8.29652747170934
-8.28770967997532
-8.27889188824129
-8.27007409650727
-8.26125630477324
-8.25243851303922
-8.24362072130519
-8.23480292957117
-8.22598513783714
-8.21716734610312
-8.20834955436909
-8.19953176263506
-8.19071397090104
-8.18189617916701
-8.17307838743299
-8.16426059569896
-8.15544280396494
-8.14662501223091
-8.13780722049689
-8.12898942876286
-8.12017163702884
-8.11135384529481
-8.10253605356078
-8.09371826182676
-8.08490047009273
-8.07608267835871
-8.06726488662468
-8.05844709489066
-8.04962930315663
-8.04081151142261
-8.03199371968858
-8.02317592795456
-8.01435813622053
-8.00554034448651
-7.99672255275248
-7.98790476101846
-7.97908696928443
-7.97026917755041
-7.96145138581638
-7.95263359408235
-7.94381580234833
-7.9349980106143
-7.92618021888028
-7.91736242714625
-7.90854463541223
-7.8997268436782
-7.89090905194418
-7.88209126021015
-7.87327346847613
-7.8644556767421
-7.85563788500808
-7.84682009327405
-7.83800230154002
-7.829184509806
-7.82036671807197
-7.81154892633795
-7.80273113460392
-7.7939133428699
-7.78509555113587
-7.77627775940185
-7.76745996766782
-7.7586421759338
-7.74982438419977
-7.74100659246575
-7.73218880073172
-7.72337100899769
-7.71455321726367
-7.70573542552964
-7.69691763379562
-7.68809984206159
-7.67928205032757
-7.67046425859354
-7.66164646685952
-7.65282867512549
-7.64401088339147
-7.63519309165744
-7.62637529992342
-7.61755750818939
-7.60873971645537
-7.59992192472134
-7.59110413298731
-7.58228634125329
-7.57346854951926
-7.56465075778524
-7.55583296605121
-7.54701517431719
-7.53819738258316
-7.52937959084914
-7.52056179911511
-7.51174400738109
-7.50292621564706
-7.49410842391304
-7.48529063217901
-7.47647284044498
-7.46765504871096
-7.45883725697693
-7.45001946524291
-7.44120167350888
-7.43238388177486
-7.42356609004083
-7.41474829830681
-7.40593050657278
-7.39711271483876
-7.38829492310473
-7.37947713137071
-7.37065933963668
-7.36184154790265
-7.35302375616863
-7.3442059644346
-7.33538817270058
-7.32657038096655
-7.31775258923253
-7.3089347974985
-7.30011700576448
-7.29129921403045
-7.28248142229643
-7.2736636305624
-7.26484583882837
-7.25602804709435
-7.24721025536032
-7.2383924636263
-7.22957467189227
-7.22075688015825
-7.21193908842422
-7.2031212966902
-7.19430350495617
-7.18548571322215
-7.17666792148812
-7.1678501297541
-7.15903233802007
-7.15021454628605
-7.14139675455202
-7.13257896281799
-7.12376117108397
-7.11494337934994
-7.10612558761592
-7.09730779588189
-7.08849000414787
-7.07967221241384
-7.07085442067982
-7.06203662894579
-7.05321883721177
-7.04440104547774
-7.03558325374371
-7.02676546200969
-7.01794767027566
-7.00912987854164
-7.00031208680761
-6.99149429507359
-6.98267650333956
-6.97385871160554
-6.96504091987151
-6.95622312813749
-6.94740533640346
-6.93858754466944
-6.92976975293541
-6.92095196120139
-6.91213416946736
-6.90331637773333
-6.89449858599931
-6.88568079426528
-6.87686300253126
-6.86804521079723
-6.85922741906321
-6.85040962732918
-6.84159183559516
-6.83277404386113
-6.82395625212711
-6.81513846039308
-6.80632066865906
-6.79750287692503
-6.78868508519101
-6.77986729345698
-6.77104950172295
-6.76223170998893
-6.7534139182549
-6.74459612652088
-6.73577833478685
-6.72696054305283
-6.7181427513188
-6.70932495958478
-6.70050716785075
-6.69168937611673
-6.6828715843827
-6.67405379264867
-6.66523600091465
-6.65641820918062
-6.6476004174466
-6.63878262571257
-6.62996483397855
-6.62114704224452
-6.6123292505105
-6.60351145877647
-6.59469366704245
-6.58587587530842
-6.5770580835744
-6.56824029184037
-6.55942250010635
-6.55060470837232
-6.54178691663829
-6.53296912490427
-6.52415133317024
-6.51533354143622
-6.50651574970219
-6.49769795796817
-6.48888016623414
-6.48006237450012
-6.47124458276609
-6.46242679103207
-6.45360899929804
-6.44479120756402
-6.43597341582999
-6.42715562409597
-6.41833783236194
-6.40952004062791
-6.40070224889389
-6.39188445715986
-6.38306666542584
-6.37424887369181
-6.36543108195779
-6.35661329022376
-6.34779549848974
-6.33897770675571
-6.33015991502169
-6.32134212328766
-6.31252433155364
-6.30370653981961
-6.29488874808558
-6.28607095635156
-6.27725316461753
-6.26843537288351
-6.25961758114948
-6.25079978941546
-6.24198199768143
-6.23316420594741
-6.22434641421338
-6.21552862247936
-6.20671083074533
-6.1978930390113
-6.18907524727728
-6.18025745554325
-6.17143966380923
-6.1626218720752
-6.15380408034118
-6.14498628860715
-6.13616849687313
-6.1273507051391
-6.11853291340508
-6.10971512167105
-6.10089732993703
-6.092079538203
-6.08326174646898
-6.07444395473495
-6.06562616300092
-6.0568083712669
-6.04799057953287
-6.03917278779885
-6.03035499606482
-6.0215372043308
-6.01271941259677
-6.00390162086275
-5.99508382912872
-5.9862660373947
-5.97744824566067
-5.96863045392665
-5.95981266219262
-5.95099487045859
-5.94217707872457
-5.93335928699054
-5.92454149525652
-5.91572370352249
-5.90690591178847
-5.89808812005444
-5.88927032832042
-5.88045253658639
-5.87163474485237
-5.86281695311834
-5.85399916138432
-5.84518136965029
-5.83636357791626
-5.82754578618224
-5.81872799444821
-5.80991020271419
-5.80109241098016
-5.79227461924614
-5.78345682751211
-5.77463903577809
-5.76582124404406
-5.75700345231004
-5.74818566057601
-5.73936786884199
-5.73055007710796
-5.72173228537394
-5.71291449363991
-5.70409670190588
-5.69527891017186
-5.68646111843783
-5.67764332670381
-5.66882553496978
-5.66000774323576
-5.65118995150173
-5.64237215976771
-5.63355436803368
-5.62473657629966
-5.61591878456563
-5.60710099283161
-5.59828320109758
-5.58946540936355
-5.58064761762953
-5.5718298258955
-5.56301203416148
-5.55419424242745
-5.54537645069343
-5.5365586589594
-5.52774086722538
-5.51892307549135
-5.51010528375733
-5.5012874920233
-5.49246970028928
-5.48365190855525
-5.47483411682122
-5.4660163250872
-5.45719853335317
-5.44838074161915
-5.43956294988512
-5.4307451581511
-5.42192736641707
-5.41310957468305
-5.40429178294902
-5.395473991215
-5.38665619948097
-5.37783840774695
-5.36902061601292
-5.3602028242789
-5.35138503254487
-5.34256724081084
-5.33374944907682
-5.32493165734279
-5.31611386560877
-5.30729607387474
-5.29847828214072
-5.28966049040669
-5.28084269867267
-5.27202490693864
-5.26320711520462
-5.25438932347059
-5.24557153173656
-5.23675374000254
-5.22793594826851
-5.21911815653449
-5.21030036480046
-5.20148257306644
-5.19266478133241
-5.18384698959839
-5.17502919786436
-5.16621140613034
-5.15739361439631
-5.14857582266229
-5.13975803092826
-5.13094023919423
-5.12212244746021
-5.11330465572618
-5.10448686399216
-5.09566907225813
-5.08685128052411
-5.07803348879008
-5.06921569705606
-5.06039790532203
-5.05158011358801
-5.04276232185398
-5.03394453011996
-5.02512673838593
-5.0163089466519
-5.00749115491788
-4.99867336318385
-4.98985557144983
-4.9810377797158
-4.97221998798178
-4.96340219624775
-4.95458440451373
-4.9457666127797
-4.93694882104568
-4.92813102931165
-4.91931323757763
-4.9104954458436
-4.90167765410958
-4.89285986237555
-4.88404207064152
-4.8752242789075
-4.86640648717347
-4.85758869543945
-4.84877090370542
-4.8399531119714
-4.83113532023737
-4.82231752850335
-4.81349973676932
-4.8046819450353
-4.79586415330127
-4.78704636156725
-4.77822856983322
-4.76941077809919
-4.76059298636517
-4.75177519463114
-4.74295740289712
-4.73413961116309
-4.72532181942907
-4.71650402769504
-4.70768623596102
-4.69886844422699
-4.69005065249297
-4.68123286075894
-4.67241506902492
-4.66359727729089
-4.65477948555687
-4.64596169382284
-4.63714390208881
-4.62832611035479
-4.61950831862076
-4.61069052688674
-4.60187273515271
-4.59305494341869
-4.58423715168466
-4.57541935995064
-4.56660156821661
-4.55778377648259
-4.54896598474856
-4.54014819301454
-4.53133040128051
-4.52251260954649
-4.51369481781246
-4.50487702607843
-4.49605923434441
-4.48724144261038
-4.47842365087636
-4.46960585914233
-4.46078806740831
-4.45197027567428
-4.44315248394026
-4.43433469220623
-4.42551690047221
-4.41669910873818
-4.40788131700415
-4.39906352527013
-4.3902457335361
-4.38142794180208
-4.37261015006805
-4.36379235833403
-4.3549745666
-4.34615677486598
-4.33733898313195
-4.32852119139793
-4.3197033996639
-4.31088560792988
-4.30206781619585
-4.29325002446183
-4.2844322327278
-4.27561444099377
-4.26679664925975
-4.25797885752572
-4.2491610657917
-4.24034327405767
-4.23152548232365
-4.22270769058962
-4.2138898988556
-4.20507210712157
-4.19625431538755
-4.18743652365352
-4.17861873191949
-4.16980094018547
-4.16098314845144
-4.15216535671742
-4.14334756498339
-4.13452977324937
-4.12571198151534
-4.11689418978132
-4.10807639804729
-4.09925860631327
-4.09044081457924
-4.08162302284522
-4.07280523111119
-4.06398743937717
-4.05516964764314
-4.04635185590911
-4.03753406417509
-4.02871627244106
-4.01989848070704
-4.01108068897301
-4.00226289723899
-3.99344510550496
-3.98462731377094
-3.97580952203691
-3.96699173030288
-3.95817393856886
-3.94935614683484
-3.94053835510081
-3.93172056336678
-3.92290277163276
-3.91408497989873
-3.90526718816471
-3.89644939643068
-3.88763160469666
-3.87881381296263
-3.86999602122861
-3.86117822949458
-3.85236043776056
-3.84354264602653
-3.8347248542925
-3.82590706255848
-3.81708927082446
-3.80827147909043
-3.7994536873564
-3.79063589562238
-3.78181810388835
-3.77300031215433
-3.7641825204203
-3.75536472868628
-3.74654693695225
-3.73772914521822
-3.7289113534842
-3.72009356175018
-3.71127577001615
-3.70245797828212
-3.6936401865481
-3.68482239481408
-3.67600460308005
-3.66718681134602
-3.658369019612
-3.64955122787797
-3.64073343614395
-3.63191564440992
-3.6230978526759
-3.61428006094187
-3.60546226920784
-3.59664447747382
-3.5878266857398
-3.57900889400577
-3.57019110227174
-3.56137331053772
-3.55255551880369
-3.54373772706967
-3.53491993533564
-3.52610214360162
-3.51728435186759
-3.50846656013357
-3.49964876839954
-3.49083097666552
-3.48201318493149
-3.47319539319746
-3.46437760146344
-3.45555980972941
-3.44674201799539
-3.43792422626136
-3.42910643452734
-3.42028864279331
-3.41147085105929
-3.40265305932526
-3.39383526759124
-3.38501747585721
-3.37619968412319
-3.36738189238916
-3.35856410065514
-3.34974630892111
-3.34092851718708
-3.33211072545306
-3.32329293371903
-3.31447514198501
-3.30565735025098
-3.29683955851696
-3.28802176678293
-3.27920397504891
-3.27038618331488
-3.26156839158086
-3.25275059984683
-3.24393280811281
-3.23511501637878
-3.22629722464475
-3.21747943291073
-3.2086616411767
-3.19984384944268
-3.19102605770865
-3.18220826597463
-3.1733904742406
-3.16457268250658
-3.15575489077255
-3.14693709903853
-3.1381193073045
-3.12930151557048
-3.12048372383645
-3.11166593210242
-3.1028481403684
-3.09403034863437
-3.08521255690035
-3.07639476516632
-3.0675769734323
-3.05875918169827
-3.04994138996425
-3.04112359823022
-3.0323058064962
-3.02348801476217
-3.01467022302815
-3.00585243129412
-2.99703463956009
-2.98821684782607
-2.97939905609204
-2.97058126435802
-2.96176347262399
-2.95294568088997
-2.94412788915594
-2.93531009742192
-2.92649230568789
-2.91767451395387
-2.90885672221984
-2.90003893048582
-2.89122113875179
-2.88240334701777
-2.87358555528374
-2.86476776354971
-2.85594997181569
-2.84713218008166
-2.83831438834764
-2.82949659661361
-2.82067880487959
-2.81186101314556
-2.80304322141154
-2.79422542967751
-2.78540763794349
-2.77658984620946
-2.76777205447544
-2.75895426274141
-2.75013647100739
-2.74131867927336
-2.73250088753933
-2.72368309580531
-2.71486530407128
-2.70604751233726
-2.69722972060323
-2.68841192886921
-2.67959413713518
-2.67077634540115
-2.66195855366713
-2.65314076193311
-2.64432297019908
-2.63550517846505
-2.62668738673103
-2.61786959499701
-2.60905180326298
-2.60023401152895
-2.59141621979493
-2.5825984280609
-2.57378063632688
-2.56496284459285
-2.55614505285883
-2.5473272611248
-2.53850946939077
-2.52969167765675
-2.52087388592273
-2.5120560941887
-2.50323830245467
-2.49442051072065
-2.48560271898662
-2.4767849272526
-2.46796713551857
-2.45914934378455
-2.45033155205052
-2.4415137603165
-2.43269596858247
-2.42387817684845
-2.41506038511442
-2.40624259338039
-2.39742480164637
-2.38860700991235
-2.37978921817832
-2.37097142644429
-2.36215363471027
-2.35333584297624
-2.34451805124222
-2.33570025950819
-2.32688246777417
-2.31806467604014
-2.30924688430612
-2.30042909257209
-2.29161130083807
-2.28279350910404
-2.27397571737001
-2.26515792563599
-2.25634013390196
-2.24752234216794
-2.23870455043391
-2.22988675869989
-2.22106896696586
-2.21225117523184
-2.20343338349781
-2.19461559176379
-2.18579780002976
-2.17698000829574
-2.16816221656171
-2.15934442482768
-2.15052663309366
-2.14170884135963
-2.13289104962561
-2.12407325789158
-2.11525546615756
-2.10643767442353
-2.09761988268951
-2.08880209095548
-2.07998429922146
-2.07116650748743
-2.06234871575341
-2.05353092401938
-2.04471313228536
-2.03589534055133
-2.0270775488173
-2.01825975708328
-2.00944196534925
-2.00062417361523
-1.9918063818812
-1.98298859014718
-1.97417079841315
-1.96535300667913
-1.9565352149451
-1.94771742321107
-1.93889963147705
-1.93008183974302
-1.921264048009
-1.91244625627497
-1.90362846454095
-1.89481067280692
-1.8859928810729
-1.87717508933887
-1.86835729760485
-1.85953950587082
-1.8507217141368
-1.84190392240277
-1.83308613066875
-1.82426833893472
-1.81545054720069
-1.80663275546667
-1.79781496373264
-1.78899717199862
-1.78017938026459
-1.77136158853057
-1.76254379679654
-1.75372600506252
-1.74490821332849
-1.73609042159447
-1.72727262986044
-1.71845483812642
-1.70963704639239
-1.70081925465837
-1.69200146292434
-1.68318367119031
-1.67436587945629
-1.66554808772226
-1.65673029598824
-1.64791250425421
-1.63909471252019
-1.63027692078616
-1.62145912905214
-1.61264133731811
-1.60382354558409
-1.59500575385006
-1.58618796211604
-1.57737017038201
-1.56855237864798
-1.55973458691396
-1.55091679517993
-1.54209900344591
-1.53328121171188
-1.52446341997786
-1.51564562824383
-1.50682783650981
-1.49801004477578
-1.48919225304176
-1.48037446130773
-1.4715566695737
-1.46273887783968
-1.45392108610566
-1.44510329437163
-1.4362855026376
-1.42746771090358
-1.41864991916955
-1.40983212743553
-1.4010143357015
-1.39219654396748
-1.38337875223345
-1.37456096049943
-1.3657431687654
-1.35692537703138
-1.34810758529735
-1.33928979356332
-1.3304720018293
-1.32165421009528
-1.31283641836125
-1.30401862662722
-1.2952008348932
-1.28638304315917
-1.27756525142515
-1.26874745969112
-1.2599296679571
-1.25111187622307
-1.24229408448905
-1.23347629275502
-1.224658501021
-1.21584070928697
-1.20702291755294
-1.19820512581892
-1.18938733408489
-1.18056954235087
-1.17175175061684
-1.16293395888282
-1.15411616714879
-1.14529837541477
-1.13648058368074
-1.12766279194672
-1.11884500021269
-1.11002720847867
-1.10120941674464
-1.09239162501061
-1.08357383327659
-1.07475604154256
-1.06593824980854
-1.05712045807451
-1.04830266634049
-1.03948487460646
-1.03066708287244
-1.02184929113841
-1.01303149940439
-1.00421370767036
-0.995395915936335
-0.98657812420231
-0.977760332468286
-0.968942540734259
-0.960124749000235
-0.951306957266208
-0.942489165532184
-0.933671373798157
-0.924853582064133
-0.916035790330108
-0.907217998596082
-0.898400206862057
-0.889582415128032
-0.880764623394006
-0.871946831659979
-0.863129039925955
-0.85431124819193
-0.845493456457904
-0.836675664723879
-0.827857872989854
-0.819040081255828
-0.810222289521802
-0.801404497787777
-0.792586706053752
-0.783768914319726
-0.774951122585701
-0.766133330851677
-0.757315539117652
-0.748497747383624
-0.739679955649599
-0.730862163915575
-0.72204437218155
-0.713226580447524
-0.704408788713499
-0.695590996979474
-0.686773205245446
-0.677955413511421
-0.669137621777397
-0.660319830043372
-0.651502038309346
-0.642684246575321
-0.633866454841296
-0.62504866310727
-0.616230871373244
-0.607413079639219
-0.598595287905194
-0.589777496171168
-0.580959704437143
-0.572141912703119
-0.563324120969092
-0.554506329235066
-0.545688537501041
-0.536870745767017
-0.52805295403299
-0.519235162298965
-0.510417370564941
-0.501599578830916
-0.49278178709689
-0.483963995362863
-0.475146203628839
-0.466328411894812
-0.457510620160788
-0.448692828426763
-0.439875036692738
-0.431057244958712
-0.422239453224686
-0.413421661490661
-0.404603869756635
-0.39578607802261
-0.386968286288585
-0.378150494554561
-0.369332702820534
-0.36051491108651
-0.351697119352483
-0.342879327618457
-0.334061535884432
-0.325243744150407
-0.316425952416383
-0.307608160682356
-0.298790368948332
-0.289972577214305
-0.281154785480281
-0.272336993746254
-0.26351920201223
-0.254701410278205
-0.245883618544179
-0.237065826810154
-0.228248035076129
-0.219430243342103
-0.210612451608077
-0.201794659874052
-0.192976868140027
-0.184159076406001
-0.175341284671976
-0.166523492937952
-0.157705701203925
-0.148887909469899
-0.140070117735874
-0.131252326001849
-0.122434534267823
-0.113616742533798
-0.104798950799774
-0.0959811590657491
-0.0871633673317209
-0.0783455755976963
-0.0695277838636716
-0.060709992129647
-0.0518922003956206
-0.043074408661596
-0.0342566169275713
-0.0254388251935431
-0.0166210334595185
-0.00780324172549385
0.00101455000853079
0.0098323417425572
0.0186501334765818
0.0274679252106065
0.0362857169446329
0.0451035086786593
0.0539213004126839
0.0627390921467086
0.071556883880735
0.0803746756147596
0.0891924673487843
0.0980102590828107
0.106828050816837
0.115645842550862
0.124463634284886
0.133281426018913
0.142099217752937
0.150917009486962
0.159734801220987
0.168552592955013
0.17737038468904
0.186188176423064
0.195005968157091
0.203823759891115
0.21264155162514
0.221459343359165
0.230277135093191
0.239094926827217
0.247912718561242
0.256730510295268
0.265548302029293
0.274366093763318
0.283183885497342
0.292001677231369
0.300819468965393
0.30963726069942
0.318455052433446
0.327272844167471
0.336090635901495
0.34490842763552
0.353726219369547
0.362544011103571
0.371361802837596
0.380179594571624
0.388997386305649
0.397815178039673
0.406632969773698
0.415450761507724
0.424268553241749
0.433086344975774
0.4419041367098
0.450721928443826
0.459539720177851
0.468357511911876
0.477175303645902
0.485993095379927
0.494810887113951
0.503628678847976
0.512446470582004
0.521264262316029
0.530082054050053
0.53889984578408
0.547717637518105
0.556535429252129
0.565353220986154
0.574171012720182
0.582988804454207
0.591806596188231
0.600624387922258
0.609442179656282
0.618259971390307
0.627077763124332
0.63589555485836
0.644713346592384
0.653531138326409
0.662348930060434
0.67116672179446
0.679984513528485
0.688802305262509
0.697620096996536
0.706437888730562
0.715255680464587
0.724073472198612
0.732891263932638
0.741709055666663
0.750526847400687
0.759344639134714
0.768162430868738
0.776980222602765
0.785798014336789
0.794615806070816
0.80343359780484
0.812251389538865
0.821069181272891
0.829886973006916
0.838704764740942
0.847522556474967
0.856340348208994
0.865158139943018
0.873975931677043
0.882793723411067
0.891611515145094
0.900429306879118
0.909247098613145
0.918064890347171
0.926882682081196
0.935700473815221
0.944518265549245
0.953336057283272
0.962153849017296
0.970971640751323
0.979789432485349
0.988607224219374
0.997425015953398
1.00624280768742
1.01506059942145
1.02387839115547
1.0326961828895
1.04151397462353
1.05033176635755
1.05914955809158
1.0679673498256
1.07678514155963
1.08560293329365
1.09442072502768
1.1032385167617
1.11205630849573
1.12087410022975
1.12969189196378
1.13850968369781
1.14732747543183
1.15614526716585
1.16496305889988
1.17378085063391
1.18259864236793
1.19141643410196
1.20023422583598
1.20905201757001
1.21786980930403
1.22668760103806
1.23550539277208
1.24432318450611
1.25314097624013
1.26195876797416
1.27077655970819
1.27959435144221
1.28841214317623
1.29722993491026
1.30604772664429
1.31486551837831
1.32368331011234
1.33250110184636
1.34131889358039
1.35013668531441
1.35895447704844
1.36777226878247
1.37659006051649
1.38540785225051
1.39422564398454
1.40304343571857
1.41186122745259
1.42067901918662
1.42949681092064
1.43831460265467
1.44713239438869
1.45595018612272
1.46476797785674
1.47358576959077
1.48240356132479
1.49122135305882
1.50003914479285
1.50885693652687
1.5176747282609
1.52649251999492
1.53531031172895
1.54412810346297
1.552945895197
1.56176368693102
1.57058147866505
1.57939927039907
1.5882170621331
1.59703485386712
1.60585264560115
1.61467043733517
1.6234882290692
1.63230602080323
1.64112381253725
1.64994160427128
1.6587593960053
1.66757718773933
1.67639497947335
1.68521277120738
1.6940305629414
1.70284835467543
1.71166614640945
1.72048393814348
1.7293017298775
1.73811952161153
1.74693731334555
1.75575510507958
1.76457289681361
1.77339068854763
1.78220848028166
1.79102627201568
1.79984406374971
1.80866185548373
1.81747964721776
1.82629743895178
1.83511523068581
1.84393302241983
1.85275081415386
1.86156860588789
1.87038639762191
1.87920418935594
1.88802198108996
1.89683977282399
1.90565756455801
1.91447535629204
1.92329314802606
1.93211093976009
1.94092873149411
1.94974652322814
1.95856431496216
1.96738210669619
1.97619989843021
1.98501769016424
1.99383548189827
2.00265327363229
2.01147106536632
2.02028885710034
2.02910664883437
2.03792444056839
2.04674223230242
2.05556002403644
2.06437781577047
2.07319560750449
2.08201339923852
2.09083119097254
2.09964898270657
2.1084667744406
2.11728456617462
2.12610235790865
2.13492014964267
2.1437379413767
2.15255573311072
2.16137352484475
2.17019131657877
2.1790091083128
2.18782690004682
2.19664469178085
2.20546248351488
2.2142802752489
2.22309806698292
2.23191585871695
2.24073365045098
2.249551442185
2.25836923391903
2.26718702565305
2.27600481738708
2.2848226091211
2.29364040085513
2.30245819258915
2.31127598432318
2.3200937760572
2.32891156779123
2.33772935952526
2.34654715125928
2.3553649429933
2.36418273472733
2.37300052646136
2.38181831819538
2.39063610992941
2.39945390166343
2.40827169339746
2.41708948513148
2.42590727686551
2.43472506859954
2.44354286033356
2.45236065206758
2.46117844380161
2.46999623553564
2.47881402726966
2.48763181900368
2.49644961073771
2.50526740247174
2.51408519420576
2.52290298593979
2.53172077767381
2.54053856940784
2.54935636114186
2.55817415287589
2.56699194460992
2.57580973634394
2.58462752807797
2.59344531981199
2.60226311154602
2.61108090328004
2.61989869501407
2.62871648674809
2.63753427848212
2.64635207021614
2.65516986195017
2.66398765368419
2.67280544541822
2.68162323715224
2.69044102888627
2.6992588206203
2.70807661235432
2.71689440408835
2.72571219582237
2.7345299875564
2.74334777929042
2.75216557102445
2.76098336275847
2.7698011544925
2.77861894622652
2.78743673796055
2.79625452969457
2.8050723214286
2.81389011316262
2.82270790489665
2.83152569663068
2.8403434883647
2.84916128009873
2.85797907183275
2.86679686356678
2.8756146553008
2.88443244703483
2.89325023876885
2.90206803050288
2.9108858222369
2.91970361397093
2.92852140570496
2.93733919743898
2.94615698917301
2.95497478090703
2.96379257264106
2.97261036437508
2.98142815610911
2.99024594784313
2.99906373957716
3.00788153131118
3.01669932304521
3.02551711477924
3.03433490651326
3.04315269824728
3.05197048998131
3.06078828171534
3.06960607344936
3.07842386518339
3.08724165691741
3.09605944865144
3.10487724038546
3.11369503211949
3.12251282385351
3.13133061558754
3.14014840732156
3.14896619905559
3.15778399078962
3.16660178252364
3.17541957425767
3.18423736599169
3.19305515772572
3.20187294945974
3.21069074119377
3.21950853292779
3.22832632466182
3.23714411639584
3.24596190812987
3.25477969986389
3.26359749159792
3.27241528333194
3.28123307506597
3.2900508668
3.29886865853402
3.30768645026805
3.31650424200207
3.3253220337361
3.33413982547012
3.34295761720415
3.35177540893817
3.3605932006722
3.36941099240622
3.37822878414025
3.38704657587427
3.3958643676083
3.40468215934233
3.41349995107635
3.42231774281037
3.4311355345444
3.43995332627843
3.44877111801245
3.45758890974648
3.4664067014805
3.47522449321453
3.48404228494855
3.49286007668258
3.50167786841661
3.51049566015063
3.51931345188465
3.52813124361868
3.53694903535271
3.54576682708673
3.55458461882075
3.56340241055478
3.57222020228881
3.58103799402283
3.58985578575686
3.59867357749088
3.60749136922491
3.61630916095893
3.62512695269296
3.63394474442699
3.64276253616101
3.65158032789503
3.66039811962906
3.66921591136309
3.67803370309711
3.68685149483114
3.69566928656516
3.70448707829919
3.71330487003321
3.72212266176724
3.73094045350126
3.73975824523529
3.74857603696931
3.75739382870334
3.76621162043737
3.77502941217139
3.78384720390542
3.79266499563944
3.80148278737347
3.81030057910749
3.81911837084152
3.82793616257554
3.83675395430957
3.84557174604359
3.85438953777762
3.86320732951164
3.87202512124567
3.88084291297969
3.88966070471372
3.89847849644775
3.90729628818177
3.9161140799158
3.92493187164982
3.93374966338385
3.94256745511787
3.9513852468519
3.96020303858592
3.96902083031995
3.97783862205397
3.986656413788
3.99547420552202
4.00429199725605
4.01310978899008
4.0219275807241
4.03074537245813
4.03956316419215
4.04838095592618
4.0571987476602
4.06601653939423
4.07483433112825
4.08365212286228
4.0924699145963
4.10128770633033
4.11010549806435
4.11892328979838
4.12774108153241
4.13655887326643
4.14537666500046
4.15419445673448
4.16301224846851
4.17183004020253
4.18064783193656
4.18946562367059
4.19828341540461
4.20710120713863
4.21591899887266
4.22473679060668
4.23355458234071
4.24237237407473
4.25119016580876
4.26000795754279
4.26882574927681
4.27764354101084
4.28646133274486
4.29527912447889
4.30409691621291
4.31291470794694
4.32173249968097
4.33055029141499
4.33936808314902
4.34818587488304
4.35700366661706
4.36582145835109
4.37463925008511
4.38345704181914
4.39227483355317
4.40109262528719
4.40991041702122
4.41872820875524
4.42754600048927
4.43636379222329
4.44518158395732
4.45399937569134
4.46281716742537
4.4716349591594
4.48045275089342
4.48927054262744
4.49808833436147
4.50690612609549
4.51572391782952
4.52454170956355
4.53335950129757
4.5421772930316
4.55099508476562
4.55981287649965
4.56863066823367
4.5774484599677
4.58626625170173
4.59508404343575
4.60390183516978
4.6127196269038
4.62153741863782
4.63035521037185
4.63917300210587
4.6479907938399
4.65680858557393
4.66562637730796
4.67444416904198
4.683261960776
4.69207975251003
4.70089754424405
4.70971533597808
4.71853312771211
4.72735091944613
4.73616871118016
4.74498650291418
4.75380429464821
4.76262208638223
4.77143987811626
4.78025766985028
4.78907546158431
4.79789325331834
4.80671104505236
4.81552883678638
4.82434662852041
4.83316442025444
4.84198221198846
4.85080000372249
4.85961779545651
4.86843558719054
4.87725337892456
4.88607117065859
4.89488896239261
4.90370675412664
4.91252454586066
4.92134233759469
4.93016012932872
4.93897792106274
4.94779571279676
4.95661350453079
4.96543129626482
4.97424908799884
4.98306687973287
4.99188467146689
5.00070246320092
5.00952025493494
5.01833804666897
5.02715583840299
5.03597363013702
5.04479142187104
5.05360921360507
5.0624270053391
5.07124479707312
5.08006258880715
5.08888038054117
5.0976981722752
5.10651596400922
5.11533375574325
5.12415154747727
5.1329693392113
5.14178713094532
5.15060492267935
5.15942271441337
5.1682405061474
5.17705829788142
5.18587608961545
5.19469388134948
5.2035116730835
5.21232946481753
5.22114725655155
5.22996504828558
5.2387828400196
5.24760063175363
5.25641842348765
5.26523621522168
5.2740540069557
5.28287179868973
5.29168959042375
5.30050738215778
5.3093251738918
5.31814296562583
5.32696075735986
5.33577854909388
5.34459634082791
5.35341413256193
5.36223192429596
5.37104971602998
5.37986750776401
5.38868529949803
5.39750309123206
5.40632088296609
5.41513867470011
5.42395646643413
5.43277425816816
5.44159204990218
5.45040984163621
5.45922763337024
5.46804542510426
5.47686321683829
5.48568100857231
5.49449880030634
5.50331659204036
5.51213438377439
5.52095217550841
5.52976996724244
5.53858775897647
5.54740555071049
5.55622334244451
5.56504113417854
5.57385892591256
5.58267671764659
5.59149450938062
5.60031230111464
5.60913009284867
5.61794788458269
5.62676567631672
5.62676567631672
5.62995388758419
5.63314209885167
5.63633031011914
5.63951852138662
5.6427067326541
5.64589494392157
5.64908315518905
5.65227136645652
5.655459577724
5.65864778899147
5.66183600025895
5.66502421152642
5.6682124227939
5.67140063406137
5.67458884532885
5.67777705659632
5.6809652678638
5.68415347913127
5.68734169039875
5.69052990166623
5.6937181129337
5.69690632420118
5.70009453546865
5.70328274673613
5.7064709580036
5.70965916927108
5.71284738053855
5.71603559180603
5.7192238030735
5.72241201434098
5.72560022560845
5.72878843687593
5.73197664814341
5.73516485941088
5.73835307067836
5.74154128194583
5.74472949321331
5.74791770448078
5.75110591574826
5.75429412701573
5.75748233828321
5.76067054955068
5.76385876081816
5.76704697208563
5.77023518335311
5.77342339462059
5.77661160588806
5.77979981715554
5.78298802842301
5.78617623969049
5.78936445095796
5.79255266222544
5.79574087349291
5.79892908476039
5.80211729602786
5.80530550729534
5.80849371856281
5.81168192983029
5.81487014109777
5.81805835236524
5.82124656363272
5.82443477490019
5.82762298616767
5.83081119743514
5.83399940870262
5.83718761997009
5.84037583123757
5.84356404250504
5.84675225377252
5.84994046503999
5.85312867630747
5.85631688757495
5.85950509884242
5.8626933101099
5.86588152137737
5.86906973264485
5.87225794391232
5.8754461551798
5.87863436644727
5.88182257771475
5.88501078898222
5.8881990002497
5.89138721151717
5.89457542278465
5.89776363405212
5.9009518453196
5.90414005658708
5.90732826785455
5.91051647912203
5.9137046903895
5.91689290165698
5.92008111292445
5.92326932419193
5.9264575354594
5.92964574672688
5.93283395799435
5.93602216926183
5.93921038052931
5.94239859179678
5.94558680306426
5.94877501433173
5.95196322559921
5.95515143686668
5.95833964813416
5.96152785940163
5.96471607066911
5.96790428193658
5.97109249320406
5.97428070447153
5.97746891573901
5.98065712700649
5.98384533827396
5.98703354954144
5.99022176080891
5.99340997207639
5.99659818334386
5.99978639461134
6.00297460587881
6.00616281714629
6.00935102841376
6.01253923968124
6.01572745094871
6.01891566221619
6.02210387348367
6.02529208475114
6.02848029601862
6.03166850728609
6.03485671855357
6.03804492982104
6.04123314108852
6.04442135235599
6.04760956362347
6.05079777489094
6.05398598615842
6.05717419742589
6.06036240869337
6.06355061996084
6.06673883122832
6.0699270424958
6.07311525376327
6.07630346503075
6.07949167629822
6.0826798875657
6.08586809883317
6.08905631010065
6.09224452136812
6.0954327326356
6.09862094390307
6.10180915517055
6.10499736643802
6.1081855777055
6.11137378897298
6.11456200024045
6.11775021150793
6.1209384227754
6.12412663404288
6.12731484531035
6.13050305657783
6.1336912678453
6.13687947911278
6.14006769038025
6.14325590164773
6.1464441129152
6.14963232418268
6.15282053545016
6.15600874671763
6.15919695798511
6.16238516925258
6.16557338052006
6.16876159178753
6.17194980305501
6.17513801432248
6.17832622558996
6.18151443685743
6.18470264812491
6.18789085939238
6.19107907065986
6.19426728192734
6.19745549319481
6.20064370446229
6.20383191572976
6.20702012699724
6.21020833826471
6.21339654953219
6.21658476079966
6.21977297206714
6.22296118333461
6.22614939460209
6.22933760586956
6.23252581713704
6.23571402840451
6.23890223967199
6.24209045093947
6.24527866220694
6.24846687347442
6.25165508474189
6.25484329600937
6.25803150727684
6.26121971854432
6.26440792981179
6.26759614107927
6.27078435234674
6.27397256361422
6.2771607748817
6.28034898614917
6.28353719741665
6.28672540868412
6.2899136199516
6.29310183121907
6.29629004248655
6.29947825375402
6.3026664650215
6.30585467628897
6.30904288755645
6.31223109882392
6.3154193100914
6.31860752135888
6.32179573262635
6.32498394389383
6.3281721551613
6.33136036642878
6.33454857769625
6.33773678896373
6.3409250002312
6.34411321149868
6.34730142276615
6.35048963403363
6.3536778453011
6.35686605656858
6.36005426783606
6.36324247910353
6.36643069037101
6.36961890163848
6.37280711290596
6.37599532417343
6.37918353544091
6.38237174670838
6.38555995797586
6.38874816924333
6.39193638051081
6.39512459177828
6.39831280304576
6.40150101431323
6.40468922558071
6.40787743684819
6.41106564811566
6.41425385938314
6.41744207065061
6.42063028191809
6.42381849318556
6.42700670445304
6.43019491572051
6.43338312698799
6.43657133825546
6.43975954952294
6.44294776079041
6.44613597205789
6.44932418332537
6.45251239459284
6.45570060586032
6.45888881712779
6.46207702839527
6.46526523966274
6.46845345093022
6.47164166219769
6.47482987346517
6.47801808473264
6.48120629600012
6.4843945072676
6.48758271853507
6.49077092980255
6.49395914107002
6.4971473523375
6.50033556360497
6.50352377487245
6.50671198613992
6.5099001974074
6.51308840867487
6.51627661994235
6.51946483120982
6.5226530424773
6.52584125374478
6.52902946501225
6.53221767627973
6.5354058875472
6.53859409881468
6.54178231008215
6.54497052134963
6.5481587326171
6.55134694388458
6.55453515515205
6.55772336641953
6.560911577687
6.56409978895448
6.56728800022195
6.57047621148943
6.57366442275691
6.57685263402438
6.58004084529186
6.58322905655933
6.58641726782681
6.58960547909428
6.59279369036176
6.59598190162923
6.59917011289671
6.60235832416418
6.60554653543166
6.60873474669913
6.61192295796661
6.61511116923409
6.61829938050156
6.62148759176904
6.62467580303651
6.62786401430399
6.63105222557146
6.63424043683894
6.63742864810641
6.64061685937389
6.64380507064136
6.64699328190884
6.65018149317631
6.65336970444379
6.65655791571127
6.65974612697874
6.66293433824622
6.66612254951369
6.66931076078117
6.67249897204864
6.67568718331612
6.67887539458359
6.68206360585107
6.68525181711854
6.68844002838602
6.69162823965349
6.69481645092097
6.69800466218845
6.70119287345592
6.7043810847234
6.70756929599087
6.71075750725835
6.71394571852582
6.7171339297933
6.72032214106077
6.72351035232825
6.72669856359572
6.7298867748632
6.73307498613067
6.73626319739815
6.73945140866562
6.7426396199331
6.74582783120058
6.74901604246805
6.75220425373553
6.755392465003
6.75858067627048
6.76176888753795
6.76495709880543
6.7681453100729
6.77133352134038
6.77452173260785
6.77770994387533
6.7808981551428
6.78408636641028
6.78727457767776
6.79046278894523
6.79365100021271
6.79683921148018
6.80002742274766
6.80321563401513
6.80640384528261
6.80959205655008
6.81278026781756
6.81596847908503
6.81915669035251
6.82234490161999
6.82553311288746
6.82872132415494
6.83190953542241
6.83509774668989
6.83828595795736
6.84147416922484
6.84466238049231
6.84785059175979
6.85103880302726
6.85422701429474
6.85741522556221
6.86060343682969
6.86379164809717
6.86697985936464
6.87016807063212
6.87335628189959
6.87654449316707
6.87973270443454
6.88292091570202
6.88610912696949
6.88929733823697
6.89248554950444
6.89567376077192
6.89886197203939
6.90205018330687
6.90523839457435
6.90842660584182
6.9116148171093
6.91480302837677
6.91799123964425
6.92117945091172
6.9243676621792
6.92755587344667
6.93074408471415
6.93393229598162
6.9371205072491
6.94030871851657
6.94349692978405
6.94668514105152
6.949873352319
6.95306156358648
6.95624977485395
6.95943798612143
6.9626261973889
6.96581440865638
6.96900261992385
6.97219083119133
6.9753790424588
6.97856725372628
6.98175546499375
6.98494367626123
6.9881318875287
6.99132009879618
6.99450831006366
6.99769652133113
7.00088473259861
7.00407294386608
7.00726115513356
7.01044936640103
7.01363757766851
7.01682578893598
7.02001400020346
7.02320221147093
7.02639042273841
7.02957863400589
7.03276684527336
7.03595505654084
7.03914326780831
7.04233147907579
7.04551969034326
7.04870790161074
7.05189611287821
7.05508432414569
7.05827253541316
7.06146074668064
7.06464895794811
7.06783716921559
7.07102538048306
7.07421359175054
7.07740180301801
7.08059001428549
7.08377822555297
7.08696643682044
7.09015464808792
7.09334285935539
7.09653107062287
7.09971928189034
7.10290749315782
7.10609570442529
7.10928391569277
7.11247212696024
7.11566033822772
7.1188485494952
7.12203676076267
7.12522497203015
7.12841318329762
7.1316013945651
7.13478960583257
7.13797781710005
7.14116602836752
7.144354239635
7.14754245090247
7.15073066216995
7.15391887343742
7.1571070847049
7.16029529597238
7.16348350723985
7.16667171850733
7.1698599297748
7.17304814104228
7.17623635230975
7.17942456357723
7.1826127748447
7.18580098611218
7.18898919737965
7.19217740864713
7.1953656199146
7.19855383118208
7.20174204244956
7.20493025371703
7.20811846498451
7.21130667625198
7.21449488751946
7.21768309878693
7.22087131005441
7.22405952132188
7.22724773258936
7.23043594385683
7.23362415512431
7.23681236639178
7.24000057765926
7.24318878892674
7.24637700019421
7.24956521146169
7.25275342272916
7.25594163399664
7.25912984526411
7.26231805653159
7.26550626779906
7.26869447906654
7.27188269033401
7.27507090160149
7.27825911286896
7.28144732413644
7.28463553540391
7.28782374667139
7.29101195793887
7.29420016920634
7.29738838047382
7.30057659174129
7.30376480300877
7.30695301427624
7.31014122554372
7.31332943681119
7.31651764807867
7.31970585934614
7.32289407061362
7.32608228188109
7.32927049314857
7.33245870441605
7.33564691568352
7.338835126951
7.34202333821847
7.34521154948595
7.34839976075342
7.3515879720209
7.35477618328837
7.35796439455585
7.36115260582332
7.3643408170908
7.36752902835828
7.37071723962575
7.37390545089323
7.3770936621607
7.38028187342818
7.38347008469565
7.38665829596313
7.3898465072306
7.39303471849808
7.39622292976555
7.39941114103303
7.4025993523005
7.40578756356798
7.40897577483545
7.41216398610293
7.4153521973704
7.41854040863788
7.42172861990536
7.42491683117283
7.42810504244031
7.43129325370778
7.43448146497526
7.43766967624273
7.44085788751021
7.44404609877768
7.44723431004516
7.45042252131263
7.45361073258011
7.45679894384759
7.45998715511506
7.46317536638254
7.46636357765001
7.46955178891749
7.47274000018496
7.47592821145244
7.47911642271991
7.48230463398739
7.48549284525486
7.48868105652234
7.49186926778981
7.49505747905729
7.49824569032477
7.50143390159224
7.50462211285972
7.50781032412719
7.51099853539467
7.51418674666214
7.51737495792962
7.52056316919709
7.52375138046457
7.52693959173204
7.53012780299952
7.53331601426699
7.53650422553447
7.53969243680195
7.54288064806942
7.5460688593369
7.54925707060437
7.55244528187185
7.55563349313932
7.5588217044068
7.56200991567427
7.56519812694175
7.56838633820922
7.5715745494767
7.57476276074417
7.57795097201165
7.58113918327913
7.5843273945466
7.58751560581408
7.59070381708155
7.59389202834903
7.5970802396165
7.60026845088398
7.60345666215145
7.60664487341893
7.6098330846864
7.61302129595388
7.61620950722135
7.61939771848883
7.6225859297563
7.62577414102378
7.62896235229126
7.63215056355873
7.63533877482621
7.63852698609368
7.64171519736116
7.64490340862863
7.64809161989611
7.65127983116358
7.65446804243106
7.65765625369853
7.66084446496601
7.66403267623348
7.66722088750096
7.67040909876844
7.67359731003591
7.67678552130339
7.67997373257086
7.68316194383834
7.68635015510581
7.68953836637329
7.69272657764076
7.69591478890824
7.69910300017571
7.70229121144319
7.70547942271067
7.70866763397814
7.71185584524562
7.71504405651309
7.71823226778057
7.72142047904804
7.72460869031552
7.72779690158299
7.73098511285047
7.73417332411794
7.73736153538542
7.74054974665289
7.74373795792037
7.74692616918784
7.75011438045532
7.7533025917228
7.75649080299027
7.75967901425775
7.76286722552522
7.7660554367927
7.76924364806017
7.77243185932765
7.77562007059512
7.7788082818626
7.78199649313007
7.78518470439755
7.78837291566503
7.7915611269325
7.79474933819998
7.79793754946745
7.80112576073493
7.8043139720024
7.80750218326988
7.81069039453735
7.81387860580483
7.8170668170723
7.82025502833978
7.82344323960725
7.82663145087473
7.8298196621422
7.83300787340968
7.83619608467716
7.83938429594463
7.84257250721211
7.84576071847958
7.84894892974706
7.85213714101453
7.85532535228201
7.85851356354948
7.86170177481696
7.86488998608443
7.86807819735191
7.87126640861938
7.87445461988686
7.87764283115434
7.88083104242181
7.88401925368929
7.88720746495676
7.89039567622424
7.89358388749171
7.89677209875919
7.89996031002666
7.90314852129414
7.90633673256161
7.90952494382909
7.91271315509657
7.91590136636404
7.91908957763152
7.92227778889899
7.92546600016647
7.92865421143394
7.93184242270142
7.93503063396889
7.93821884523637
7.94140705650384
7.94459526777132
7.94778347903879
7.95097169030627
7.95415990157374
7.95734811284122
7.96053632410869
7.96372453537617
7.96691274664365
7.97010095791112
7.9732891691786
7.97647738044607
7.97966559171355
7.98285380298102
7.9860420142485
7.98923022551597
7.99241843678345
7.99560664805092
7.9987948593184
8.00198307058588
8.00517128185335
8.00835949312083
8.0115477043883
8.01473591565578
8.01792412692325
8.02111233819073
8.0243005494582
8.02748876072568
8.03067697199315
8.03386518326063
8.0370533945281
8.04024160579558
8.04342981706306
8.04661802833053
8.04980623959801
8.05299445086548
8.05618266213296
8.05937087340043
8.06255908466791
8.06574729593538
8.06893550720286
8.07212371847033
8.07531192973781
8.07850014100528
8.08168835227276
8.08487656354023
8.08806477480771
8.09125298607519
8.09444119734266
8.09762940861014
8.10081761987761
8.10400583114509
8.10719404241256
8.11038225368004
8.11357046494751
8.11675867621499
8.11994688748246
8.12313509874994
8.12632331001742
8.12951152128489
8.13269973255237
8.13588794381984
8.13907615508732
8.14226436635479
8.14545257762227
8.14864078888974
8.15182900015722
8.15501721142469
8.15820542269217
8.16139363395964
8.16458184522712
8.16777005649459
8.17095826776207
8.17414647902955
8.17733469029702
8.1805229015645
8.18371111283197
8.18689932409945
8.19008753536692
8.1932757466344
8.19646395790187
8.19965216916935
8.20284038043682
8.2060285917043
8.20921680297177
8.21240501423925
8.21559322550673
8.2187814367742
8.22196964804168
8.22515785930915
8.22834607057663
8.2315342818441
8.23472249311158
8.23791070437905
8.24109891564653
8.244287126914
8.24747533818148
8.25066354944896
8.25385176071643
8.25703997198391
8.26022818325138
8.26341639451886
8.26660460578633
8.26979281705381
8.27298102832128
8.27616923958876
8.27935745085623
8.28254566212371
8.28573387339118
8.28892208465866
8.29211029592613
8.29529850719361
8.29848671846108
8.30167492972856
8.30486314099604
8.30805135226351
8.31123956353099
8.31442777479846
8.31761598606594
8.32080419733341
8.32399240860089
8.32718061986836
8.33036883113584
8.33355704240331
8.33674525367079
8.33993346493827
8.34312167620574
8.34630988747322
8.34949809874069
8.35268631000817
8.35587452127564
8.35906273254312
8.36225094381059
8.36543915507807
8.36862736634554
8.37181557761302
8.37500378888049
8.37819200014797
8.38138021141545
8.38456842268292
8.3877566339504
8.39094484521787
8.39413305648535
8.39732126775282
8.4005094790203
8.40369769028777
8.40688590155525
8.41007411282272
8.4132623240902
8.41645053535767
8.41963874662515
8.42282695789262
8.4260151691601
8.42920338042758
8.43239159169505
8.43557980296253
8.43876801423
8.44195622549748
8.44514443676495
8.44833264803243
8.4515208592999
8.45470907056738
8.45789728183485
8.46108549310233
8.46427370436981
8.46746191563728
8.47065012690476
8.47383833817223
8.47702654943971
8.48021476070718
8.48340297197466
8.48659118324213
8.48977939450961
8.49296760577708
8.49615581704456
8.49934402831203
8.50253223957951
8.50572045084698
8.50890866211446
8.51209687338194
8.51528508464941
8.51847329591689
8.52166150718436
8.52484971845184
8.52803792971931
8.53122614098679
8.53441435225426
8.53760256352174
8.54079077478921
8.54397898605669
8.54716719732416
8.55035540859164
8.55354361985912
8.55673183112659
8.55992004239407
8.56310825366154
8.56629646492902
8.56948467619649
8.57267288746397
8.57586109873144
8.57904930999892
8.58223752126639
8.58542573253387
8.58861394380135
8.59180215506882
8.5949903663363
8.59817857760377
8.60136678887125
8.60455500013872
8.6077432114062
8.61093142267367
8.61411963394115
8.61730784520862
8.6204960564761
8.62368426774357
8.62687247901105
8.63006069027852
8.633248901546
8.63643711281347
8.63962532408095
8.64281353534843
8.6460017466159
8.64918995788338
8.65237816915085
8.65556638041833
8.6587545916858
8.66194280295328
8.66513101422075
8.66831922548823
8.6715074367557
8.67469564802318
8.67788385929066
8.68107207055813
8.68426028182561
8.68744849309308
8.69063670436056
8.69382491562803
8.69701312689551
8.70020133816298
8.70338954943046
8.70657776069793
8.70976597196541
8.71295418323288
8.71614239450036
8.71933060576784
8.72251881703531
8.72570702830279
8.72889523957026
8.73208345083774
8.73527166210521
8.73845987337269
8.74164808464016
8.74483629590764
8.74802450717511
8.75121271844259
8.75440092971006
8.75758914097754
8.76077735224501
8.76396556351249
8.76715377477997
8.77034198604744
8.77353019731492
8.77671840858239
8.77990661984987
8.78309483111734
8.78628304238482
8.78947125365229
8.79265946491977
8.79584767618725
8.79903588745472
8.8022240987222
8.80541230998967
8.80860052125715
8.81178873252462
8.8149769437921
8.81816515505957
8.82135336632705
8.82454157759452
8.827729788862
8.83091800012947
8.83410621139695
8.83729442266442
8.8404826339319
8.84367084519937
8.84685905646685
8.85004726773433
8.8532354790018
8.85642369026928
8.85961190153675
8.86280011280423
8.8659883240717
8.86917653533918
8.87236474660665
8.87555295787413
8.8787411691416
8.88192938040908
8.88511759167655
8.88830580294403
8.89149401421151
8.89468222547898
8.89787043674646
8.90105864801393
8.90424685928141
8.90743507054888
8.91062328181636
8.91381149308383
8.91699970435131
8.92018791561878
8.92337612688626
8.92656433815374
8.92975254942121
8.93294076068869
8.93612897195616
8.93931718322364
8.94250539449111
8.94569360575859
8.94888181702606
8.95207002829354
8.95525823956101
8.95844645082849
8.96163466209596
8.96482287336344
8.96801108463091
8.97119929589839
8.97438750716586
8.97757571843334
8.98076392970082
8.98395214096829
8.98714035223577
8.99032856350324
8.99351677477072
8.99670498603819
8.99989319730567
9.00308140857314
9.00626961984062
9.0094578311081
9.01264604237557
9.01583425364305
9.01902246491052
9.022210676178
9.02539888744547
9.02858709871295
9.03177530998042
9.0349635212479
9.03815173251537
9.04133994378285
9.04452815505032
9.0477163663178
9.05090457758527
9.05409278885275
9.05728100012023
9.0604692113877
9.06365742265518
9.06684563392265
9.07003384519013
9.0732220564576
9.07641026772508
9.07959847899255
9.08278669026003
9.0859749015275
9.08916311279498
9.09235132406245
9.09553953532993
9.0987277465974
9.10191595786488
9.10510416913236
9.10829238039983
9.11148059166731
9.11466880293478
9.11785701420226
9.12104522546973
9.12423343673721
9.12742164800468
9.13060985927216
9.13379807053964
9.13698628180711
9.14017449307459
9.14336270434206
9.14655091560954
9.14973912687701
9.15292733814449
9.15611554941196
9.15930376067944
9.16249197194691
9.16568018321439
9.16886839448186
9.17205660574934
9.17524481701681
9.17843302828429
9.18162123955176
9.18480945081924
9.18799766208672
9.19118587335419
9.19437408462167
9.19756229588914
9.20075050715662
9.20393871842409
9.20712692969157
9.21031514095904
9.21350335222652
9.216691563494
9.21987977476147
9.22306798602895
9.22625619729642
9.2294444085639
9.23263261983137
9.23582083109885
9.23900904236632
9.2421972536338
9.24538546490127
9.24857367616875
9.25176188743622
9.2549500987037
9.25813830997117
9.26132652123865
9.26451473250613
9.2677029437736
9.27089115504108
9.27407936630855
9.27726757757603
9.2804557888435
9.28364400011098
9.28683221137845
9.29002042264593
9.2932086339134
9.29639684518088
9.29958505644835
9.30277326771583
9.3059614789833
9.30914969025078
9.31233790151826
9.31552611278573
9.31871432405321
9.32190253532068
9.32509074658816
9.32827895785563
9.33146716912311
9.33465538039058
9.33784359165806
9.34103180292554
9.34422001419301
9.34740822546049
9.35059643672796
9.35378464799544
9.35697285926291
9.36016107053039
9.36334928179786
9.36653749306534
9.36972570433281
9.37291391560029
9.37610212686776
9.37929033813524
9.38247854940271
9.38566676067019
9.38885497193766
9.39204318320514
9.39523139447262
9.39841960574009
9.40160781700757
9.40479602827504
9.40798423954252
9.41117245080999
9.41436066207747
9.41754887334494
9.42073708461242
9.42392529587989
9.42711350714737
9.43030171841485
9.43348992968232
9.43667814094979
9.43986635221727
9.44305456348475
9.44624277475222
9.4494309860197
9.45261919728717
9.45580740855465
9.45899561982212
9.4621838310896
9.46537204235707
9.46856025362455
9.47174846489203
9.4749366761595
9.47812488742698
9.48131309869445
9.48450130996193
9.4876895212294
9.49087773249688
9.49406594376435
9.49725415503183
9.5004423662993
9.50363057756678
9.50681878883425
9.51000700010173
9.5131952113692
9.51638342263668
9.51957163390415
9.52275984517163
9.52594805643911
9.52913626770658
9.53232447897406
9.53551269024153
9.53870090150901
9.54188911277648
9.54507732404396
9.54826553531143
9.55145374657891
9.55464195784639
9.55783016911386
9.56101838038134
9.56420659164881
9.56739480291629
9.57058301418376
9.57377122545124
9.57695943671871
9.58014764798619
9.58333585925366
9.58652407052114
9.58971228178861
9.59290049305609
9.59608870432356
9.59927691559104
9.60246512685852
9.60565333812599
9.60884154939347
9.61202976066094
9.61521797192842
9.61840618319589
9.62159439446337
9.62478260573084
9.62797081699832
9.63115902826579
9.63434723953327
9.63753545080074
9.64072366206822
9.6439118733357
9.64710008460317
9.65028829587065
9.65347650713812
9.6566647184056
9.65985292967307
9.66304114094055
9.66622935220802
9.6694175634755
9.67260577474297
9.67579398601045
9.67898219727793
9.6821704085454
9.68535861981287
9.68854683108035
9.69173504234783
9.6949232536153
9.69811146488278
9.70129967615025
9.70448788741773
9.7076760986852
9.71086430995268
9.71405252122015
9.71724073248763
9.7204289437551
9.72361715502258
9.72680536629005
9.72999357755753
9.73318178882501
9.73637000009248
9.73955821135996
9.74274642262743
9.74593463389491
9.74912284516238
9.75231105642986
9.75549926769733
9.75868747896481
9.76187569023228
9.76506390149976
9.76825211276723
9.77144032403471
9.77462853530218
9.77781674656966
9.78100495783714
9.78419316910461
9.78738138037209
9.79056959163956
9.79375780290704
9.79694601417451
9.80013422544199
9.80332243670946
9.80651064797694
9.80969885924441
9.81288707051189
9.81607528177937
9.81926349304684
9.82245170431432
9.82563991558179
9.82882812684927
9.83201633811674
9.83520454938422
9.83839276065169
9.84158097191917
9.84476918318664
9.84795739445412
9.85114560572159
9.85433381698907
9.85752202825655
9.86071023952402
9.8638984507915
9.86708666205897
9.87027487332645
9.87346308459392
9.8766512958614
9.87983950712887
9.88302771839635
9.88621592966382
9.8894041409313
9.89259235219878
9.89578056346625
9.89896877473373
9.9021569860012
9.90534519726868
9.90853340853615
9.91172161980363
9.9149098310711
9.91809804233858
9.92128625360605
9.92447446487353
9.927662676141
9.93085088740848
9.93403909867595
9.93722730994343
9.94041552121091
9.94360373247838
9.94679194374586
9.94998015501333
9.95316836628081
9.95635657754828
9.95954478881576
9.96273300008323
9.96592121135071
9.96910942261818
9.97229763388566
9.97548584515313
9.97867405642061
9.98186226768809
9.98505047895556
9.98823869022304
9.99142690149051
9.99461511275799
9.99780332402546
10.0009915352929
10.0041797465604
10.0073679578279
10.0105561690954
10.0137443803628
10.0169325916303
10.0201208028978
10.0233090141653
10.0264972254327
10.0296854367002
10.0328736479677
10.0360618592352
10.0392500705026
10.0424382817701
10.0456264930376
10.0488147043051
10.0520029155725
10.05519112684
10.0583793381075
10.061567549375
10.0647557606424
10.0679439719099
10.0711321831774
10.0743203944449
10.0775086057123
10.0806968169798
10.0838850282473
10.0870732395148
10.0902614507822
10.0934496620497
10.0966378733172
10.0998260845847
10.1030142958521
10.1062025071196
10.1093907183871
10.1125789296546
10.1157671409221
10.1189553521895
10.122143563457
10.1253317747245
10.128519985992
10.1317081972594
10.1348964085269
10.1380846197944
10.1412728310619
10.1444610423293
10.1476492535968
10.1508374648643
10.1540256761318
10.1572138873992
10.1604020986667
10.1635903099342
10.1667785212017
10.1699667324691
10.1731549437366
10.1763431550041
10.1795313662716
10.182719577539
10.1859077888065
10.189096000074
10.1922842113415
10.1954724226089
10.1986606338764
10.2018488451439
10.2050370564114
10.2082252676788
10.2114134789463
10.2146016902138
10.2177899014813
10.2209781127487
10.2241663240162
10.2273545352837
10.2305427465512
10.2337309578186
10.2369191690861
10.2401073803536
10.2432955916211
10.2464838028885
10.249672014156
10.2528602254235
10.256048436691
10.2592366479584
10.2624248592259
10.2656130704934
10.2688012817609
10.2719894930283
10.2751777042958
10.2783659155633
10.2815541268308
10.2847423380982
10.2879305493657
10.2911187606332
10.2943069719007
10.2974951831681
10.3006833944356
10.3038716057031
10.3070598169706
10.310248028238
10.3134362395055
10.316624450773
10.3198126620405
10.323000873308
10.3261890845754
10.3293772958429
10.3325655071104
10.3357537183779
10.3389419296453
10.3421301409128
10.3453183521803
10.3485065634478
10.3516947747152
10.3548829859827
10.3580711972502
10.3612594085177
10.3644476197851
10.3676358310526
10.3708240423201
10.3740122535876
10.377200464855
10.3803886761225
10.38357688739
10.3867650986575
10.3899533099249
10.3931415211924
10.3963297324599
10.3995179437274
10.4027061549948
10.4058943662623
10.4090825775298
10.4122707887973
10.4154590000647
10.4186472113322
10.4218354225997
10.4250236338672
10.4282118451346
10.4314000564021
10.4345882676696
10.4377764789371
10.4409646902045
10.444152901472
10.4473411127395
10.450529324007
10.4537175352744
10.4569057465419
10.4600939578094
10.4632821690769
10.4664703803443
10.4696585916118
10.4728468028793
10.4760350141468
10.4792232254142
10.4824114366817
10.4855996479492
10.4887878592167
10.4919760704841
10.4951642817516
10.4983524930191
10.5015407042866
10.504728915554
10.5079171268215
10.511105338089
10.5142935493565
10.5174817606239
10.5206699718914
10.5238581831589
10.5270463944264
10.5302346056939
10.5334228169613
10.5366110282288
10.5397992394963
10.5429874507638
10.5461756620312
10.5493638732987
10.5525520845662
10.5557402958337
10.5589285071011
10.5621167183686
10.5653049296361
10.5684931409036
10.571681352171
10.5748695634385
10.578057774706
10.5812459859735
10.5844341972409
10.5876224085084
10.5908106197759
10.5939988310434
10.5971870423108
10.6003752535783
10.6035634648458
10.6067516761133
10.6099398873807
10.6131280986482
10.6163163099157
10.6195045211832
10.6226927324506
10.6258809437181
10.6290691549856
10.6322573662531
10.6354455775205
10.638633788788
10.6418220000555
10.645010211323
10.6481984225904
10.6513866338579
10.6545748451254
10.6577630563929
10.6609512676603
10.6641394789278
10.6673276901953
10.6705159014628
10.6737041127302
10.6768923239977
10.6800805352652
10.6832687465327
10.6864569578001
10.6896451690676
10.6928333803351
10.6960215916026
10.69920980287
10.7023980141375
10.705586225405
10.7087744366725
10.7119626479399
10.7151508592074
10.7183390704749
10.7215272817424
10.7247154930098
10.7279037042773
10.7310919155448
10.7342801268123
10.7374683380798
10.7406565493472
10.7438447606147
10.7470329718822
10.7502211831497
10.7534093944171
10.7565976056846
10.7597858169521
10.7629740282196
10.766162239487
10.7693504507545
10.772538662022
10.7757268732895
10.7789150845569
10.7821032958244
10.7852915070919
10.7884797183594
10.7916679296268
10.7948561408943
10.7980443521618
10.8012325634293
10.8044207746967
10.8076089859642
10.8107971972317
10.8139854084992
10.8171736197666
10.8203618310341
10.8235500423016
10.8267382535691
10.8299264648365
10.833114676104
10.8363028873715
10.839491098639
10.8426793099064
10.8458675211739
10.8490557324414
10.8522439437089
10.8554321549763
10.8586203662438
10.8618085775113
10.8649967887788
10.8681850000462
10.8713732113137
10.8745614225812
10.8777496338487
10.8809378451161
10.8841260563836
10.8873142676511
10.8905024789186
10.893690690186
10.8968789014535
10.900067112721
10.9032553239885
10.9064435352559
10.9096317465234
10.9128199577909
10.9160081690584
10.9191963803258
10.9223845915933
10.9255728028608
10.9287610141283
10.9319492253957
10.9351374366632
10.9383256479307
10.9415138591982
10.9447020704656
10.9478902817331
10.9510784930006
10.9542667042681
10.9574549155356
10.960643126803
10.9638313380705
10.967019549338
10.9702077606055
10.9733959718729
10.9765841831404
10.9797723944079
10.9829606056754
10.9861488169428
10.9893370282103
10.9925252394778
10.9957134507453
10.9989016620127
11.0020898732802
11.0052780845477
11.0084662958152
11.0116545070826
11.0148427183501
11.0180309296176
11.0212191408851
11.0244073521525
11.02759556342
11.0307837746875
11.033971985955
11.0371601972224
11.0403484084899
11.0435366197574
11.0467248310249
11.0499130422923
11.0531012535598
11.0562894648273
11.0594776760948
11.0626658873622
11.0658540986297
11.0690423098972
11.0722305211647
11.0754187324321
11.0786069436996
11.0817951549671
11.0849833662346
11.088171577502
11.0913597887695
11.094548000037
11.0977362113045
11.1009244225719
11.1041126338394
11.1073008451069
11.1104890563744
11.1136772676418
11.1168654789093
11.1200536901768
11.1232419014443
11.1264301127117
11.1296183239792
11.1328065352467
11.1359947465142
11.1391829577816
11.1423711690491
11.1455593803166
11.1487475915841
11.1519358028515
11.155124014119
11.1583122253865
11.161500436654
11.1646886479215
11.1678768591889
11.1710650704564
11.1742532817239
11.1774414929914
11.1806297042588
11.1838179155263
11.1870061267938
11.1901943380613
11.1933825493287
11.1965707605962
11.1997589718637
11.2029471831312
11.2061353943986
11.2093236056661
11.2125118169336
11.2157000282011
11.2188882394685
11.222076450736
11.2252646620035
11.228452873271
11.2316410845384
11.2348292958059
11.2380175070734
11.2412057183409
11.2443939296083
11.2475821408758
11.2507703521433
11.2539585634108
11.2571467746782
11.2603349859457
11.2635231972132
11.2667114084807
11.2698996197481
11.2730878310156
11.2762760422831
11.2794642535506
11.282652464818
11.2858406760855
11.289028887353
11.2922170986205
11.2954053098879
11.2985935211554
11.3017817324229
11.3049699436904
11.3081581549578
11.3113463662253
11.3145345774928
11.3177227887603
11.3209110000277
11.3240992112952
11.3272874225627
11.3304756338302
11.3336638450976
11.3368520563651
11.3400402676326
11.3432284789001
11.3464166901675
11.349604901435
11.3527931127025
11.35598132397
11.3591695352374
11.3623577465049
11.3655459577724
11.3687341690399
11.3719223803073
11.3751105915748
11.3782988028423
11.3814870141098
11.3846752253773
11.3878634366447
11.3910516479122
11.3942398591797
11.3974280704472
11.4006162817146
11.4038044929821
11.4069927042496
11.4101809155171
11.4133691267845
11.416557338052
11.4197455493195
11.422933760587
11.4261219718544
11.4293101831219
11.4324983943894
11.4356866056569
11.4388748169243
11.4420630281918
11.4452512394593
11.4484394507268
11.4516276619942
11.4548158732617
11.4580040845292
11.4611922957967
11.4643805070641
11.4675687183316
11.4707569295991
11.4739451408666
11.477133352134
11.4803215634015
11.483509774669
11.4866979859365
11.4898861972039
11.4930744084714
11.4962626197389
11.4994508310064
11.5026390422738
11.5058272535413
11.5090154648088
11.5122036760763
11.5153918873437
11.5185800986112
11.5217683098787
11.5249565211462
11.5281447324136
11.5313329436811
11.5345211549486
11.5377093662161
11.5408975774835
11.544085788751
11.5472740000185
11.550462211286
11.5536504225534
11.5568386338209
11.5600268450884
11.5632150563559
11.5664032676233
11.5695914788908
11.5727796901583
11.5759679014258
11.5791561126932
11.5823443239607
11.5855325352282
11.5887207464957
11.5919089577632
11.5950971690306
11.5982853802981
11.6014735915656
11.6046618028331
11.6078500141005
11.611038225368
11.6142264366355
11.617414647903
11.6206028591704
11.6237910704379
11.6269792817054
11.6301674929729
11.6333557042403
11.6365439155078
11.6397321267753
11.6429203380428
11.6461085493102
11.6492967605777
11.6524849718452
11.6556731831127
11.6588613943801
11.6620496056476
11.6652378169151
11.6684260281826
11.67161423945
11.6748024507175
11.677990661985
11.6811788732525
11.6843670845199
11.6875552957874
11.6907435070549
11.6939317183224
11.6971199295898
11.7003081408573
11.7034963521248
11.7066845633923
11.7098727746597
11.7130609859272
11.7162491971947
11.7194374084622
11.7226256197296
11.7258138309971
11.7290020422646
11.7321902535321
11.7353784647995
11.738566676067
11.7417548873345
11.744943098602
11.7481313098694
11.7513195211369
11.7545077324044
11.7576959436719
11.7608841549393
11.7640723662068
11.7672605774743
11.7704487887418
11.7736370000092
11.7768252112767
11.7800134225442
11.7832016338117
11.7863898450791
11.7895780563466
11.7927662676141
11.7959544788816
11.7991426901491
11.8023309014165
11.805519112684
11.8087073239515
11.811895535219
11.8150837464864
11.8182719577539
11.8214601690214
11.8246483802889
11.8278365915563
11.8310248028238
11.8342130140913
11.8374012253588
11.8405894366262
11.8437776478937
11.8469658591612
11.8501540704287
11.8533422816961
11.8565304929636
11.8597187042311
11.8629069154986
11.866095126766
11.8692833380335
11.872471549301
11.8756597605685
11.8788479718359
11.8820361831034
11.8852243943709
11.8884126056384
11.8916008169058
11.8947890281733
11.8979772394408
11.9011654507083
11.9043536619757
11.9075418732432
11.9107300845107
11.9139182957782
11.9171065070456
11.9202947183131
11.9234829295806
11.9266711408481
11.9298593521155
11.933047563383
11.9362357746505
11.939423985918
11.9426121971854
11.9458004084529
11.9489886197204
11.9521768309879
11.9553650422553
11.9585532535228
11.9617414647903
11.9649296760578
11.9681178873252
11.9713060985927
11.9744943098602
11.9776825211277
11.9808707323951
11.9840589436626
11.9872471549301
11.9904353661976
11.993623577465
11.9968117887325
12
