-11.9655172413793
-11.9534426121962
-11.9413677784206
-11.9292927392403
-11.9172174938391
-11.9051420413968
-11.8930663810892
-11.8809905120878
-11.86891443356
-11.8568381446693
-11.8447616445748
-11.8326849324315
-11.82060800739
-11.808530868597
-11.7964535151947
-11.7843759463209
-11.7722981611093
-11.7602201586893
-11.7481419381856
-11.7360634987187
-11.7239848394048
-11.7119059593554
-11.6998268576776
-11.6877475334741
-11.675667985843
-11.6635882138778
-11.6515082166675
-11.6394279932962
-11.6273475428438
-11.6152668643852
-11.6031859569906
-11.5911048197258
-11.5790234516513
-11.5669418518233
-11.554860019293
-11.5427779531067
-11.5306956523058
-11.518613115927
-11.5065303430018
-11.4944473325569
-11.4823640836139
-11.4702805951894
-11.4581968662951
-11.4461128959374
-11.4340286831176
-11.421944226832
-11.4098595260714
-11.3977745798219
-11.3856893870637
-11.3736039467723
-11.3615182579175
-11.349432319464
-11.3373461303708
-11.3252596895919
-11.3131729960756
-11.3010860487647
-11.2889988465965
-11.2769113885028
-11.2648236734098
-11.2527357002382
-11.2406474679027
-11.2285589753126
-11.2164702213715
-11.204381204977
-11.192291925021
-11.1802023803897
-11.1681125699632
-11.1560224926159
-11.1439321472161
-11.1318415326261
-11.1197506477023
-11.107659491295
-11.0955680622483
-11.0834763594003
-11.0713843815827
-11.0592921276213
-11.0471995963355
-11.0351067865381
-11.0230136970362
-11.0109203266298
-10.9988266741131
-10.9867327382735
-10.9746385178919
-10.9625440117427
-10.9504492185939
-10.9383541372066
-10.9262587663353
-10.9141631047278
-10.9020671511253
-10.889970904262
-10.8778743628653
-10.8657775256556
-10.8536803913467
-10.8415829586451
-10.8294852262504
-10.8173871928551
-10.8052888571446
-10.7931902177971
-10.7810912734836
-10.7689920228679
-10.7568924646065
-10.7447925973484
-10.7326924197354
-10.7205919304017
-10.708491127974
-10.6963900110716
-10.6842885783061
-10.6721868282813
-10.6600847595937
-10.6479823708316
-10.6358796605758
-10.6237766273992
-10.6116732698667
-10.5995695865353
-10.5874655759541
-10.5753612366638
-10.5632565671973
-10.5511515660794
-10.5390462318263
-10.5269405629462
-10.5148345579389
-10.5027282152959
-10.4906215335001
-10.4785145110259
-10.4664071463392
-10.4542994378974
-10.442191384149
-10.4300829835339
-10.4179742344832
-10.4058651354191
-10.3937556847548
-10.3816458808948
-10.3695357222344
-10.3574252071597
-10.3453143340478
-10.3332031012665
-10.3210915071745
-10.3089795501208
-10.2968672284453
-10.2847545404783
-10.2726414845406
-10.2605280589434
-10.2484142619881
-10.2363000919667
-10.224185547161
-10.2120706258432
-10.1999553262754
-10.1878396467098
-10.1757235853886
-10.1636071405435
-10.1514903103965
-10.1393730931589
-10.1272554870319
-10.115137490206
-10.1030191008615
-10.090900317168
-10.0787811372844
-10.066661559359
-10.0545415815291
-10.0424212019213
-10.0303004186514
-10.0181792298238
-10.006057633532
-9.9939356278584
-9.98181321087401
-9.96969038063857
-9.95756713520038
-9.94544347259625
-9.93331939085141
-9.92119488797945
-9.90906996198219
-9.89694461084964
-9.88481883255991
-9.87269262507911
-9.86056598636127
-9.84843891434825
-9.83631140696968
-9.82418346214284
-9.81205507777258
-9.79992625175124
-9.78779698195858
-9.77566726626161
-9.76353710251462
-9.75140648855898
-9.73927542222311
-9.72714390132236
-9.71501192365892
-9.70287948702174
-9.69074658918643
-9.67861322791512
-9.66647940095645
-9.65434510604537
-9.64221034090315
-9.63007510323716
-9.61793939074089
-9.60580320109375
-9.59366653196102
-9.58152938099375
-9.56939174582863
-9.55725362408789
-9.5451150133792
-9.53297591129559
-9.52083631541529
-9.50869622330165
-9.49655563250304
-9.48441454055271
-9.47227294496873
-9.46013084325381
-9.44798823289523
-9.43584511136474
-9.42370147611838
-9.41155732459644
-9.39941265422329
-9.38726746240729
-9.37512174654066
-9.36297550399936
-9.35082873214296
-9.33868142831453
-9.32653358984053
-9.31438521403065
-9.3022362981777
-9.2900868395575
-9.27793683542875
-9.26578628303285
-9.25363517959385
-9.24148352231825
-9.22933130839492
-9.21717853499493
-9.20502519927142
-9.1928712983595
-9.18071682937604
-9.16856178941963
-9.15640617557035
-9.14424998488967
-9.13209321442032
-9.11993586118613
-9.10777792219187
-9.09561939442313
-9.08346027484618
-9.07130056040778
-9.05914024803507
-9.04697933463541
-9.0348178170962
-9.02265569228478
-9.01049295704821
-8.99832960821318
-8.9861656425858
-8.97400105695145
-8.96183584807465
-8.94967001269887
-8.93750354754637
-8.92533644931803
-8.91316871469322
-8.90100034032956
-8.88883132286282
-8.87666165890672
-8.86449134505276
-8.85232037787002
-8.84014875390505
-8.82797646968162
-8.81580352170057
-8.80362990643965
-8.79145562035331
-8.77928065987251
-8.76710502140457
-8.75492870133294
-8.74275169601704
-8.73057400179207
-8.71839561496878
-8.70621653183333
-8.69403674864705
-8.68185626164625
-8.66967506704206
-8.65749316102015
-8.6453105397406
-8.63312719933766
-8.62094313591954
-8.60875834556823
-8.59657282433923
-8.58438656826141
-8.57219957333673
-8.56001183554006
-8.54782335081896
-8.53563411509342
-8.52344412425568
-8.51125337417001
-8.49906186067243
-8.4868695795705
-8.47467652664315
-8.46248269764033
-8.45028808828288
-8.43809269426223
-8.42589651124017
-8.41369953484862
-8.40150176068938
-8.38930318433386
-8.37710380132287
-8.36490360716632
-8.352702597343
-8.3405007673003
-8.32829811245397
-8.31609462818785
-8.30389030985357
-8.29168515277035
-8.27947915222466
-8.26727230347
-8.25506460172659
-8.24285604218111
-8.23064661998639
-8.21843633026117
-8.20622516808979
-8.19401312852189
-8.18180020657212
-8.16958639721988
-8.15737169540896
-8.14515609604729
-8.13293959400662
-8.12072218412221
-8.10850386119251
-8.09628461997886
-8.08406445520518
-8.07184336155763
-8.0596213336843
-8.04739836619489
-8.03517445366036
-8.02294959061262
-8.01072377154418
-7.99849699090781
-7.98626924311621
-7.97404052254165
-7.96181082351563
-7.94958014032853
-7.93734846722922
-7.92511579842477
-7.91288212808
-7.90064745031719
-7.88841175921565
-7.87617504881138
-7.86393731309668
-7.85169854601977
-7.83945874148439
-7.82721789334944
-7.81497599542854
-7.80273304148969
-7.7904890252548
-7.77824394039936
-7.76599778055196
-7.7537505392939
-7.74150221015879
-7.72925278663209
-7.71700226215074
-7.70475063010265
-7.69249788382632
-7.68024401661037
-7.66798902169313
-7.65573289226214
-7.64347562145374
-7.63121720235257
-7.61895762799113
-7.60669689134931
-7.59443498535391
-7.58217190287817
-7.56990763674125
-7.55764217970779
-7.54537552448739
-7.53310766373409
-7.52083859004592
-7.50856829596432
-7.49629677397369
-7.48402401650082
-7.47175001591439
-7.45947476452442
-7.44719825458174
-7.43492047827746
-7.4226414277424
-7.41036109504652
-7.39807947219841
-7.38579655114466
-7.37351232376936
-7.36122678189342
-7.34893991727409
-7.3366517216043
-7.32436218651207
-7.31207130355992
-7.29977906424427
-7.28748545999478
-7.27519048217376
-7.26289412207552
-7.25059637092574
-7.23829721988082
-7.22599666002724
-7.21369468238086
-7.20139127788631
-7.18908643741627
-7.17678015177081
-7.1644724116767
-7.15216320778668
-7.13985253067882
-7.12754037085574
-7.11522671874393
-7.10291156469302
-7.09059489897501
-7.07827671178357
-7.06595699323326
-7.05363573335878
-7.04131292211416
-7.02898854937207
-7.01666260492294
-7.0043350784742
-6.99200595964951
-6.97967523798788
-6.9673429029429
-6.95500894388186
-6.94267335008497
-6.93033611074445
-6.91799721496369
-6.9056566517564
-6.89331441004569
-6.8809704786632
-6.86862484634822
-6.85627750174673
-6.84392843341052
-6.83157762979623
-6.81922507926443
-6.80687077007864
-6.79451469040442
-6.78215682830829
-6.76979717175687
-6.75743570861578
-6.74507242664868
-6.73270731351622
-6.72034035677505
-6.70797154387674
-6.6956008621667
-6.68322829888317
-6.67085384115608
-6.65847747600601
-6.64609919034302
-6.63371897096557
-6.62133680455938
-6.60895267769627
-6.59656657683301
-6.58417848831013
-6.57178839835074
-6.55939629305935
-6.5470021584206
-6.53460598029808
-6.52220774443304
-6.50980743644317
-6.49740504182128
-6.48500054593405
-6.4725939340207
-6.46018519119165
-6.44777430242723
-6.43536125257627
-6.42294602635477
-6.4105286083445
-6.39810898299157
-6.38568713460504
-6.37326304735548
-6.3608367052735
-6.34840809224825
-6.335977192026
-6.32354398820856
-6.31110846425179
-6.29867060346402
-6.28623038900452
-6.27378780388189
-6.26134283095246
-6.24889545291867
-6.23644565232741
-6.22399341156836
-6.21153871287234
-6.19908153830953
-6.18662186978779
-6.17415968905092
-6.16169497767685
-6.14922771707587
-6.13675788848881
-6.12428547298519
-6.11181045146138
-6.0993328046387
-6.08685251306148
-6.07436955709519
-6.06188391692443
-6.04939557255098
-6.03690450379176
-6.02441069027682
-6.01191411144728
-5.99941474655323
-5.98691257465162
-5.97440757460414
-5.96189972507502
-5.94938900452887
-5.93687539122843
-5.92435886323234
-5.91183939839284
-5.89931697435347
-5.88679156854673
-5.87426315819172
-5.8617317202917
-5.84919723163171
-5.83665966877608
-5.82411900806592
-5.81157522561662
-5.79902829731526
-5.78647819881806
-5.77392490554769
-5.76136839269065
-5.74880863519456
-5.7362456077654
-5.72367928486479
-5.71110964070714
-5.69853664925682
-5.68596028422527
-5.6733805190681
-5.66079732698211
-5.64821068090227
-5.63562055349875
-5.62302691717376
-5.61042974405847
-5.59782900600985
-5.58522467460744
-5.57261672115012
-5.56000511665282
-5.54738983184315
-5.53477083715804
-5.52214810274031
-5.50952159843521
-5.49689129378685
-5.48425715803467
-5.4716191601098
-5.45897726863139
-5.44633145190291
-5.43368167790834
-5.42102791430838
-5.40837012843656
-5.3957082872953
-5.38304235755196
-5.37037230553474
-5.35769809722865
-5.3450196982713
-5.33233707394873
-5.31965018919113
-5.30695900856848
-5.2942634962862
-5.28156361618068
-5.26885933171477
-5.25615060597317
-5.24343740165785
-5.23071968108328
-5.21799740617169
-5.20527053844821
-5.19253903903597
-5.17980286865108
-5.16706198759765
-5.1543163557626
-5.14156593261047
-5.12881067717816
-5.1160505480696
-5.10328550345028
-5.09051550104176
-5.0777404981161
-5.06496045149019
-5.05217531751998
-5.03938505209468
-5.02658961063083
-5.01378894806627
-5.00098301885411
-4.9881717769565
-4.97535517583839
-4.96253316846112
-4.94970570727605
-4.93687274421793
-4.92403423069827
-4.91119011759862
-4.89834035526372
-4.88548489349451
-4.87262368154115
-4.8597566680958
-4.84688380128537
-4.8340050286642
-4.82112029720649
-4.8082295532988
-4.79533274273226
-4.7824298106948
-4.76952070176318
-4.75660535989494
-4.74368372842023
-4.73075575003343
-4.71782136678483
-4.70488052007196
-4.69193315063094
-4.67897919852769
-4.66601860314887
-4.65305130319289
-4.64007723666058
-4.62709634084588
-4.61410855232626
-4.60111380695306
-4.58811203984168
-4.5751031853616
-4.56208717712624
-4.54906394798267
-4.53603343000116
-4.5229955544646
-4.50995025185767
-4.49689745185591
-4.48383708331463
-4.47076907425758
-4.45769335186549
-4.44460984246441
-4.43151847151387
-4.41841916359488
-4.40531184239769
-4.39219643070935
-4.37907285040118
-4.36594102241587
-4.35280086675454
-4.33965230246344
-4.32649524762059
-4.31332961932208
-4.3001553336682
-4.28697230574936
-4.27378044963175
-4.26057967834281
-4.2473699038564
-4.23415103707777
-4.22092298782832
-4.20768566483004
-4.19443897568971
-4.18118282688292
-4.1679171237377
-4.15464177041799
-4.14135666990678
-4.12806172398899
-4.11475683323406
-4.10144189697827
-4.08811681330672
-4.07478147903509
-4.06143578969101
-4.04807963949517
-4.03471292134211
-4.02133552678069
-4.00794734599418
-3.99454826778011
-3.98113817952971
-3.96771696720701
-3.95428451532763
-3.94084070693715
-3.92738542358917
-3.91391854532296
-3.90043995064073
-3.88694951648457
-3.87344711821287
-3.85993262957652
-3.84640592269452
-3.83286686802928
-3.81931533436147
-3.80575118876443
-3.79217429657815
-3.77858452138275
-3.76498172497163
-3.75136576732396
-3.73773650657691
-3.72409379899719
-3.71043749895226
-3.69676745888091
-3.68308352926345
-3.66938555859124
-3.65567339333582
-3.64194687791739
-3.62820585467279
-3.61445016382291
-3.60067964343952
-3.58689412941149
-3.57309345541047
-3.55927745285587
-3.54544595087932
-3.53159877628842
-3.51773575352986
-3.50385670465194
-3.4899614492663
-3.47604980450909
-3.46212158500135
-3.44817660280874
-3.43421466740049
-3.42023558560767
-3.40623916158065
-3.39222519674582
-3.37819348976152
-3.36414383647315
-3.35007602986752
-3.33598986002631
-3.32188511407869
-3.30776157615311
-3.29361902732816
-3.2794572455826
-3.26527600574438
-3.25107507943879
-3.23685423503564
-3.22261323759548
-3.20835184881479
-3.19406982697019
-3.17976692686163
-3.16544289975445
-3.15109749332051
-3.13673045157806
-3.1223415148306
-3.10793041960459
-3.09349689858597
-3.07904068055551
-3.06456149032294
-3.05005904865987
-3.03553307223144
-3.02098327352669
-3.00640936078763
-2.99181103793695
-2.97718800450441
-2.96253995555183
-2.94786658159664
-2.93316756853404
-2.91844259755761
-2.90369134507853
-2.88891348264317
-2.87410867684916
-2.85927658925988
-2.84441687631732
-2.82952918925328
-2.81461317399887
-2.79966847109235
-2.78469471558511
-2.76969153694597
-2.75465855896359
-2.73959539964707
-2.72450167112457
-2.70937697954009
-2.69422092494826
-2.67903310120706
-2.66381309586853
-2.64856049006747
-2.63327485840785
-2.61795576884718
-2.60260278257865
-2.58721545391094
-2.57179333014585
-2.55633595145348
-2.5408428507451
-2.52531355354354
-2.50974757785116
-2.49414443401523
-2.47850362459079
-2.46282464420091
-2.44710697939417
-2.43135010849957
-2.4155535014786
-2.39971661977448
-2.38383891615857
-2.36791983457384
-2.35195880997538
-2.33595526816786
-2.31990862563995
-2.30381828939558
-2.28768365678202
-2.27150411531471
-2.25527904249882
-2.23900780564739
-2.22268976169614
-2.20632425701478
-2.18991062721477
-2.1734481969535
-2.15693627973489
-2.14037417770623
-2.12376118145127
-2.10709656977953
-2.09037960951169
-2.07360955526112
-2.05678564921133
-2.03990712088947
-2.02297318693563
-2.00598305086808
-1.98893590284425
-1.97183091941738
-1.95466726328898
-1.93744408305678
-1.92016051295833
-1.9028156726101
-1.88540866674202
-1.86793858492748
-1.85040450130866
-1.83280547431725
-1.81514054639041
-1.79740874368196
-1.77960907576886
-1.76174053535275
-1.74380209795677
-1.72579272161737
-1.70771134657127
-1.68955689493755
-1.67132827039467
-1.65302435785262
-1.63464402312015
-1.61618611256693
-1.59764945278087
-1.57903285022043
-1.56033509086205
-1.54155493984267
-1.52269114109746
-1.50374241699263
-1.48470746795358
-1.46558497208836
-1.44637358480648
-1.42707193843319
-1.40767864181941
-1.38819227994724
-1.36861141353141
-1.34893457861656
-1.32916028617078
-1.30928702167528
-1.28931324471073
-1.26923738854015
-1.24905785968882
-1.22877303752137
-1.20838127381632
-1.18788089233844
-1.16727018840923
-1.1465474284758
-1.12571084967871
-1.10475865941903
-1.0836890349252
-1.0625001228201
-1.04119003868888
-1.01975686664813
-0.998198658917091
-0.976513435391312
-0.954699183219804
-0.932753856386165
-0.910675375294643
-0.888461626361942
-0.866110461615729
-0.843619698300824
-0.820987118494122
-0.798210468729401
-0.775287459633195
-0.752215765573039
-0.728993024319437
-0.705616836723009
-0.682084766408382
-0.658394339486441
-0.634543044286715
-0.610528331111737
-0.586347612015344
-0.56199826060703
-0.537477611884535
-0.51278296209704
-0.487911568641443
-0.462860649994348
-0.437627385682558
-0.412208916295005
-0.386602343539249
-0.360804730345808
-0.334813101023824
-0.308624441471701
-0.282235699446618
-0.255643784896956
-0.228845570361986
-0.2018378914433
-0.174617547352804
-0.147181301542246
-0.119525882419603
-0.0916479841578417
-0.0635442676019107
-0.0352113612800775
-0.00664586252603638
0.0221556612814673
0.0511966713544338
0.0804806559994296
0.110011128981678
0.139791627741327
0.169825711453423
0.200116958922741
0.230668966304244
0.261485344639562
0.292569717199431
0.323925716621694
0.355556981833977
0.387467154749804
0.419659876726415
0.452138784772188
0.484907507491107
0.517969660751286
0.551328843064168
0.584988630660555
0.61895257224926
0.653224183443765
0.687806940841855
0.722704275742891
0.757919567487016
0.793456136400264
0.829317236329323
0.865506046749392
0.902025664428432
0.93887909463097
0.976069241844494
1.01359890001151
1.05147074225036
1.08968731004806
1.12825100190868
1.16716406144103
1.20642856487005
1.24604640795677
1.28601929231236
1.32634871109293
1.36703593406248
1.40808199201289
1.4494876605311
1.49125344310537
1.53337955356425
1.57586589784432
1.61871205508462
1.66191725804898
1.70548037287986
1.74939987819099
1.79367384350947
1.8382999070821
1.88327525306499
1.92859658812015
1.97426011744796
2.02026152028998
2.0665959249423
2.11325788332611
2.16024134516908
2.20753963185812
2.25514541003182
2.30305066498908
2.35124667399869
2.39972397960363
2.44847236302299
2.49748081776414
2.54673752356729
2.59622982081503
2.64594418554957
2.69586620525057
2.74598055553735
2.79627097796913
2.84672025912753
2.89731021117534
2.94802165409525
2.99883439982115
3.04972723848303
3.10067792699422
3.15166318021596
3.20265866493989
3.2536389969331
3.30457774129251
3.35544741635656
3.40621950142052
3.45686444849857
3.50735169836996
3.55764970113845
3.60772594152299
3.65754696908405
3.70707843357282
3.75628512557085
3.8051310225641
3.85357934056918
3.90159259139941
3.94913264562564
3.99616080124996
4.04263785807165
4.08852419768191
4.13377986897929
4.17836467905053
4.22223828921199
4.26536031595626
4.30769043649664
4.34918849854953
4.38981463394265
4.42952937558526
4.46829377728601
4.5060695358563
4.54281911489119
4.5785058695783
4.61309417184762
4.64654953514245
4.67883873806506
4.70992994612999
4.73979283084446
4.76839868532891
4.79572053569256
4.82173324738844
4.84641362579023
4.86974051025969
4.89169486100822
4.91225983809847
4.93142087198268
4.94916572503211
4.96548454357647
4.9803699000425
4.9938168248569
5.0058228278584
5.016387909047
5.02551455858397
5.03320774604262
5.03947489899618
5.04432587111498
5.04777290002773
5.0498305552822
5.05051567681574
5.04984730441696
5.04784659872408
5.04453675436342
5.03994290588198
5.03409202717051
5.02701282510858
5.01873562818897
5.00929227089715
4.99871597463083
4.98704122594671
4.97430365291483
4.96053990034754
4.94578750464979
4.93008476901019
4.91347063962006
4.89598458357018
4.8776664690328
4.85855644829153
4.83869484413307
4.81812204006484
4.79687837477046
4.7750040411632
4.75253899034451
4.72952284072319
4.70599479249996
4.68199354767273
4.65755723567066
4.6327233446804
4.60752865868538
4.58200920019961
4.55620017864155
4.53013594426001
4.50384994749452
4.47737470362613
4.45074176255109
4.42398168349013
4.39712401442908
4.37019727607267
4.34322895008246
4.31624547136153
4.2892722241428
4.26233354163461
4.23545270897573
4.20865196925283
4.18195253233592
4.15537458629111
4.12893731113571
4.10265889470694
4.07655655042316
4.05064653672515
4.02494417799362
3.99946388674888
3.97421918694873
3.94922273821058
3.92448636079422
3.90002106119229
3.87583705818568
3.85194380923142
3.82835003706072
3.80506375637469
3.78209230053471
3.7594423481539
3.73711994950459
3.71513055266557
3.69347902934076
3.67216970028861
3.65120636030872
3.63059230273908
3.61033034342361
3.59042284411548
3.5708717352876
3.55167853832624
3.53284438708894
3.51437004881188
3.49625594435599
3.47850216778473
3.46110850526952
3.44407445332211
3.42739923635556
3.411081823578
3.39512094522541
3.37951510814169
3.36426261071566
3.34936155718632
3.33480987132871
3.320605309534
3.30674547329815
3.29322782113414
3.28004967992362
3.26720825572408
3.25470064404804
3.24252383963097
3.23067474570492
3.21915018279467
3.20794689705355
3.19706156815551
3.18649081676042
3.17623121156892
3.16627927598322
3.15663149438983
3.14728431807995
3.13823417082277
3.12947745410686
3.12101055206408
3.11282983609047
3.10493166917765
3.09731240996837
3.08996841654911
3.08289604999224
3.07609167765992
3.06955167628142
3.0632724348151
3.05725035710601
3.05148186434936
3.04596339737012
3.04069141872812
3.03566241465816
3.03087289685365
3.02631940410261
3.02199850378378
3.01790679323085
3.01404090097209
3.01039748785245
3.0069732480449
3.0037649099574
3.00076923704172
2.99798302850975
2.99540311996309
2.99302638394101
2.99084973039188
2.9888701070729
2.98708449988246
2.98548993312971
2.98408346974516
2.98286221143637
2.98182329879227
2.98096391133968
2.98028126755518
2.97977262483569
2.97943527943038
2.97926656633699
2.97926385916501
2.97942456996829
2.97974614904935
2.98022608473772
2.9808619031443
2.98165116789369
2.98259147983654
2.98368047674334
2.98491583298162
2.98629525917792
2.98781650186601
2.9894773431228
2.9912756001931
2.99320912510458
2.99527580427394
2.99747355810544
2.99980034058266
3.00225413885462
3.00483297281688
3.00753489468865
3.01035798858656
3.01330037009573
3.01636018583905
3.01953561304496
3.02282485911453
3.02622616118832
3.02973778571345
3.0333580280114
3.03708521184694
3.04091768899861
3.04485383883104
3.04889206786949
3.053030809377
3.05726852293421
3.06160369402237
3.06603483360953
3.07056047774037
3.07517918712959
3.0798895467593
3.08469016548042
3.08957967561821
3.09455673258216
3.09962001448033
3.10476822173812
3.11000007672175
3.11531432336636
3.12070972680892
3.12618507302586
3.13173916847565
3.13737083974618
3.14307893320713
3.14886231466725
3.15471986903653
3.16065049999344
3.16665312965704
3.17272669826406
3.17887016385095
3.18508250194085
3.1913627052354
3.19770978331156
3.20412276232316
3.21060068470734
3.2171426088958
3.22374760903072
3.23041477468549
3.23714321059005
3.24393203636085
3.25078038623545
3.25768740881158
3.26465226679075
3.2716741367262
3.27875220877537
3.2858856864565
3.29307378640971
3.30031573816215
3.30761078389731
3.31495817822857
3.32235718797661
3.32980709195095
3.33730718073535
3.34485675647708
3.35245513268006
3.36010163400171
3.36779559605347
3.37553636520503
3.38332329839214
3.39115576292784
3.39903313631728
3.40695480607591
3.414920169551
3.42292863374648
3.43097961515102
3.43907253956929
3.44720684195638
3.45538196625527
3.4635973652373
3.47185250034571
3.48014684154196
3.48847986715508
3.49685106373365
3.50525992590072
3.51370595621134
3.52218866501278
3.5307075703074
3.53926219761803
3.54785207985594
3.55647675719124
3.56513577692571
3.57382869336804
3.58255506771142
3.59131446791336
3.60010646857784
3.60893065083963
3.6177866022508
3.62667391666933
3.63559219414983
3.64454104083631
3.65352006885693
3.6625288962208
3.67156714671656
3.68063444981303
3.68973044056163
3.69885475950059
3.70800705256103
3.71718697097475
3.72639417118374
3.73562831475138
3.7448890682753
3.75417610330188
3.76348909624228
3.77282772829009
3.78219168534051
3.79158065791098
3.8009943410633
3.81043243432723
3.81989464162549
3.82938067120006
3.83889023553999
3.84842305131042
3.85797883928296
3.86755732426735
3.87715823504434
3.88678130429988
3.89642626856043
3.90609286812949
3.91578084702532
3.92548995291975
3.93521993707816
3.94497055430047
3.95474156286331
3.96453272446317
3.97434380416057
3.98417457032535
3.99402479458279
4.00389425176085
4.01378271983827
4.02368997989365
4.03361581605544
4.04356001545282
4.05352236816745
4.06350266718614
4.07350070835431
4.0835162903303
4.09354921454048
4.10359928513523
4.11366630894562
4.12375009544088
4.13385045668667
4.14396720730404
4.15410016442912
4.16424914767356
4.17441397908566
4.18459448311211
4.19479048656052
4.20500181856249
4.21522831053747
4.22546979615708
4.2357261113102
4.2459970940686
4.25628258465317
4.26658242540076
4.27689646073155
4.28722453711709
4.29756650304874
4.30792220900681
4.31829150743009
4.32867425268604
4.33907030104138
4.34947951063326
4.35990174144086
4.37033685525758
4.38078471566354
4.39124518799873
4.40171813933649
4.41220343845749
4.42270095582415
4.43321056355546
4.44373213540229
4.45426554672306
4.46481067445985
4.47536739711487
4.4859355947274
4.49651514885102
4.50710594253132
4.51770786028392
4.52832078807286
4.53894461328935
4.54957922473092
4.56022451258087
4.57088036838803
4.58154668504695
4.59222335677832
4.60291027910978
4.61360734885699
4.62431446410506
4.63503152419027
4.64575842968206
4.65649508236535
4.66724138522313
4.67799724241934
4.68876255928202
4.69953724228674
4.71032119904029
4.72111433826466
4.73191656978125
4.74272780449531
4.75354795438071
4.76437693246487
4.77521465281399
4.78606103051848
4.79691598167863
4.80777942339054
4.8186512737322
4.82953145174989
4.84041987744472
4.85131647175939
4.8622211565652
4.87313385464921
4.88405448970168
4.89498298630359
4.9059192699145
4.91686326686045
4.92781490432218
4.93877411032342
4.94974081371949
4.96071494418593
4.97169643220743
4.98268520906686
4.9936812068345
5.00468435835742
5.01569459724905
5.02671185787885
5.03773607536222
5.04876718555052
5.05980512502122
5.07084983106824
5.08190124169242
5.09295929559217
5.10402393215416
5.11509509144428
5.12617271419868
5.13725674181489
5.14834711634318
5.15944378047794
5.17054667754933
5.18165575151487
5.19277094695133
5.20389220904663
5.21501948359193
5.22615271697375
5.23729185616633
5.24843684872398
5.25958764277362
5.27074418700742
5.28190643067552
5.29307432357887
5.30424781606221
5.31542685900709
5.32661140382502
5.33780140245076
5.34899680733564
5.36019757144104
5.37140364823188
5.38261499167032
5.39383155620947
5.40505329678717
5.41628016881996
5.42751212819705
5.4387491312744
5.44999113486888
5.46123809625256
5.472489973147
5.4837467237177
5.49500830656857
5.50627468073651
5.51754580568609
5.52882164130421
5.54010214789496
5.55138728617448
5.56267701726589
5.57397130269432
5.585270104382
5.59657338464341
5.6078811061805
5.61919323207798
5.6305097257987
5.64183055117906
5.65315567242445
5.66448505410489
5.67581866115054
5.68715645884745
5.69849841283323
5.70984448909289
5.72119465395464
5.73254887408582
5.74390711648886
5.75526934849729
5.76663553777181
5.7780056522964
5.78937966037453
5.80075753062535
5.81213923198
5.8235247336779
5.83491400526317
5.84630701658106
5.85770373777439
5.86910413928009
5.88050819182578
5.89191586642637
5.90332713438075
5.91474196726847
5.92616033694647
5.93758221554595
5.94900757546912
5.96043638938612
5.97186863023195
5.98330427120341
5.99474328575609
6.00618564760144
6.01763133070383
6.02908030927768
6.04053255778458
6.05198805093054
6.06344676366318
6.07490867116898
6.08637374887063
6.09784197242433
6.10931331771717
6.12078776086454
6.13226527820755
6.14374584631053
6.15522944195852
6.16671604215478
6.17820562411842
6.18969816528192
6.20119364328883
6.21269203599139
6.22419332144824
6.23569747792213
6.24720448387764
6.25871431797904
6.27022695908798
6.28174238626145
6.29326057874951
6.30478151599329
6.31630517762285
6.32783154345509
6.3393605934918
6.35089230791758
6.3624266670979
6.37396365157709
6.38550324207647
6.39704541949242
6.40859016489444
6.42013745952337
6.4316872847895
6.44323962227076
6.45479445371095
6.46635176101793
6.47791152626189
6.48947373167363
6.50103835964284
6.51260539271641
6.52417481359678
6.53574660514028
6.54732075035551
6.55889723240174
6.5704760345873
6.58205714036806
6.59364053334581
6.60522619726683
6.61681411602027
6.62840427363675
6.63999665428682
6.65159124227954
6.66318802206105
6.67478697821309
6.68638809545167
6.69799135862563
6.70959675271527
6.72120426283105
6.73281387421216
6.74442557222529
6.75603934236325
6.76765517024373
6.77927304160798
6.79089294231959
6.80251485836321
6.81413877584333
6.82576468098307
6.83739256012296
6.84902239971977
6.86065418634532
6.87228790668533
6.88392354753826
6.89556109581418
6.90720053853365
6.91884186282662
6.9304850559313
6.94213010519313
6.95377699806368
6.96542572209958
6.97707626496149
6.98872861441307
7.00038275831994
7.01203868464872
7.02369638146594
7.03535583693714
7.04701703932585
7.05867997699264
7.07034463839415
7.08201101208217
7.09367908670268
7.10534885099498
7.11702029379068
7.12869340401293
7.14036817067541
7.15204458288152
7.16372262982349
7.1754023007815
7.18708358512287
7.19876647230118
7.21045095185545
7.22213701340932
7.23382464667023
7.24551384142862
7.25720458755713
7.26889687500982
7.28059069382139
7.29228603410638
7.30398288605847
7.31568123994967
7.32738108612959
7.33908241502473
7.35078521713771
7.3624894830466
7.37419520340414
7.3859023689371
7.39761097044555
7.40932099880218
7.42103244495159
7.43274529990968
7.4444595547629
7.45617520066766
7.46789222884964
7.47961063060315
7.4913303972905
7.50305152034136
7.51477399125213
7.52649780158534
7.53822294296901
7.54994940709608
7.56167718572377
7.57340627067303
7.58513665382792
7.59686832713504
7.60860128260298
7.6203355123017
7.63207100836202
7.64380776297505
7.65554576839162
7.66728501692176
7.67902550093413
7.69076721285553
7.70251014517036
7.71425429042006
7.72599964120266
7.7377461901722
7.74949393003829
7.76124285356555
7.77299295357315
7.78474422293434
7.7964966545759
7.80825024147773
7.82000497667232
7.83176085324434
7.8435178643301
7.85527600311716
7.86703526284382
7.87879563679873
7.89055711832038
7.90231970079669
7.91408337766458
7.92584814240952
7.93761398856512
7.94938090971268
7.9611488994808
7.97291795154495
7.98468805962705
7.9964592174951
8.00823141896272
8.02000465788881
8.03177892817711
8.04355422377585
8.05533053867731
8.0671078669175
8.07888620257573
8.09066553977428
8.10244587267798
8.11422719549387
8.12600950247086
8.1377927878993
8.1495770461107
8.16136227147733
8.17314845841189
8.18493560136715
8.19672369483562
8.20851273334922
8.22030271147889
8.23209362383434
8.24388546506366
8.25567822985302
8.26747191292632
8.2792665090449
8.29106201300724
8.30285841964857
8.31465572384065
8.32645392049141
8.33825300454464
8.35005297097974
8.36185381481136
8.37365553108915
8.38545811489743
8.39726156135495
8.40906586561454
8.42087102286288
8.4326770283202
8.44448387723997
8.4562915649087
8.46810008664558
8.47990943780225
8.49171961376256
8.50353060994223
8.51534242178868
8.52715504478069
8.53896847442818
8.55078270627194
8.56259773588339
8.57441355886434
8.58623017084668
8.59804756749224
8.60986574449242
8.62168469756807
8.63350442246915
8.64532491497456
8.65714617089189
8.66896818605716
8.68079095633462
8.69261447761652
8.70443874582285
8.71626375690117
8.72808950682635
8.73991599160036
8.75174320725204
8.76357114983693
8.77539981543699
8.78722920016045
8.79905930014154
8.81089011154034
8.82272163054255
8.83455385335927
8.84638677622682
8.85822039540653
8.87005470718456
8.88188970787166
8.89372539380304
8.9055617613381
8.9173988068603
8.92923652677696
8.94107491751904
8.95291397554099
8.96475369732056
8.97659407935859
8.98843511817886
9.0002768103279
9.0121191523748
9.02396214091106
9.0358057725504
9.04765004392859
9.05949495170326
9.07134049255376
9.08318666318098
9.09503346030718
9.10688088067583
9.11872892105145
9.13057757821942
9.14242684898586
9.15427673017743
9.16612721864123
9.17797831124457
9.18983000487486
9.20168229643946
9.21353518286551
9.22538866109978
9.23724272810852
9.24909738087733
9.26095261641098
9.27280843173331
9.28466482388702
9.29652178993361
9.30837932695316
9.32023743204424
9.33209610232373
9.34395533492674
9.35581512700641
9.36767547573382
9.37953637829782
9.39139783190492
9.40325983377917
9.41512238116197
9.42698547131202
9.43884910150514
9.45071326903414
9.46257797120871
9.47444320535532
9.48630896881701
9.49817525895339
9.51004207314039
9.52190940877025
9.53377726325131
9.54564563400795
9.55751451848045
9.56938391412488
9.58125381841296
9.59312422883198
9.60499514288466
9.61686655808905
9.62873847197841
9.64061088210111
9.6524837860205
9.66435718131481
9.67623106557707
9.68810543641495
9.69998029145068
9.71185562832096
9.72373144467682
9.73560773818355
9.74748450652057
9.75936174738134
9.77123945847327
9.78311763751759
9.79499628224929
9.80687539041697
9.8187549597828
9.83063498812236
9.84251547322461
9.85439641289174
9.86627780493911
9.87815964719512
9.89004193750116
9.90192467371149
9.91380785369316
9.9256914753259
9.93757553650206
9.94946003512649
9.96134496911647
9.97323033640163
9.98511613492383
9.9970023626371
10.0088890175076
10.0207760975133
10.0326636006443
10.0445515249025
10.0564398683014
10.0683286288662
10.0802178046337
10.0921073936524
10.1039973939818
10.115887803693
10.1277786208684
10.1396698436014
10.1515614699967
10.1634534981698
10.1753459262474
10.1872387523668
10.1991319746763
10.2110255913348
10.2229196005119
10.2348140003879
10.2467087891533
10.2586039650092
10.2704995261672
10.2823954708489
10.2942917972864
10.3061885037216
10.3180855884068
10.3299830496041
10.3418808855856
10.3537790946334
10.3656776750392
10.3775766251045
10.3894759431405
10.401375627468
10.4132756764173
10.4251760883283
10.43707686155
10.4489779944411
10.4608794853694
10.472781332712
10.484683534855
10.4965860901938
10.5084889971326
10.5203922540849
10.5322958594728
10.5441998117274
10.5561041092886
10.5680087506049
10.5799137341338
10.5918190583409
10.6037247217009
10.6156307226966
10.6275370598196
10.6394437315695
10.6513507364545
10.6632580729911
10.6751657397038
10.6870737351255
10.6989820577971
10.7108907062676
10.722799679094
10.7347089748412
10.7466185920822
10.7585285293975
10.7704387853758
10.7823493586132
10.7942602477138
10.8061714512892
10.8180829679584
10.8299947963484
10.8419069350933
10.8538193828349
10.8657321382222
10.8776451999118
10.8895585665673
10.9014722368598
10.9133862094674
10.9253004830757
10.9372150563771
10.9491299280712
10.9610450968646
10.9729605614709
10.9848763206105
10.996792373011
11.0087087174066
11.0206253525383
11.032542277154
11.0444594900081
11.056376989862
11.0682947754834
11.0802128456468
11.092131199133
11.1040498347297
11.1159687512307
11.1278879474364
11.1398074221536
11.1517271741952
11.1636472023806
11.1755675055356
11.1874880824919
11.1994089320876
11.2113300531668
11.2232514445798
11.235173105183
11.2470950338387
11.2590172294152
11.2709396907869
11.2828624168339
11.2947854064424
11.3067086585043
11.3186321719172
11.3305559455847
11.3424799784161
11.3544042693261
11.3663288172354
11.3782536210703
11.3901786797623
11.402103992249
11.4140295574731
11.425955374383
11.4378814419324
11.4498077590806
11.4617343247922
11.4736611380371
11.4855881977905
11.497515503033
11.5094430527503
11.5213708459335
11.5332988815788
11.5452271586875
11.5571556762661
11.5690844333261
11.5810134288842
11.592942661962
11.6048721315861
11.6168018367882
11.6287317766049
11.6406619500776
11.6525923562526
11.6645229941812
11.6764538629193
11.6883849615278
11.7003162890722
11.7122478446227
11.7241796272545
11.7361116360471
11.7480438700849
11.7599763284568
11.7719090102564
11.7838419145816
11.7957750405352
11.8077083872243
11.8196419537604
11.8315757392597
11.8435097428426
11.8554439636341
11.8673784007633
11.879313053364
11.891247920574
11.9031830015355
11.9151182953952
11.9270538013037
11.938989518416
11.9509254458912
11.9628615828928
11.9747979285881
11.9867344821489
11.9986712427507
12.0106082095734
12.0225453818008
12.0344827586207
