-12
-11.9921506810548
-11.9843013621096
-11.9764520431645
-11.9686027242193
-11.9607534052741
-11.9529040863289
-11.9450547673837
-11.9372054484386
-11.9293561294934
-11.9215068105482
-11.913657491603
-11.9058081726578
-11.8979588537127
-11.8901095347675
-11.8822602158223
-11.8744108968771
-11.8665615779319
-11.8587122589868
-11.8508629400416
-11.8430136210964
-11.8351643021512
-11.8273149832061
-11.8194656642609
-11.8116163453157
-11.8037670263705
-11.7959177074253
-11.7880683884802
-11.780219069535
-11.7723697505898
-11.7645204316446
-11.7566711126994
-11.7488217937543
-11.7409724748091
-11.7331231558639
-11.7252738369187
-11.7174245179735
-11.7095751990284
-11.7017258800832
-11.693876561138
-11.6860272421928
-11.6781779232476
-11.6703286043025
-11.6624792853573
-11.6546299664121
-11.6467806474669
-11.6389313285217
-11.6310820095766
-11.6232326906314
-11.6153833716862
-11.607534052741
-11.5996847337958
-11.5918354148507
-11.5839860959055
-11.5761367769603
-11.5682874580151
-11.5604381390699
-11.5525888201248
-11.5447395011796
-11.5368901822344
-11.5290408632892
-11.5211915443441
-11.5133422253989
-11.5054929064537
-11.4976435875085
-11.4897942685633
-11.4819449496182
-11.474095630673
-11.4662463117278
-11.4583969927826
-11.4505476738374
-11.4426983548923
-11.4348490359471
-11.4269997170019
-11.4191503980567
-11.4113010791115
-11.4034517601664
-11.3956024412212
-11.387753122276
-11.3799038033308
-11.3720544843856
-11.3642051654405
-11.3563558464953
-11.3485065275501
-11.3406572086049
-11.3328078896597
-11.3249585707146
-11.3171092517694
-11.3092599328242
-11.301410613879
-11.2935612949338
-11.2857119759887
-11.2778626570435
-11.2700133380983
-11.2621640191531
-11.2543147002079
-11.2464653812628
-11.2386160623176
-11.2307667433724
-11.2229174244272
-11.2150681054821
-11.2072187865369
-11.1993694675917
-11.1915201486465
-11.1836708297013
-11.1758215107562
-11.167972191811
-11.1601228728658
-11.1522735539206
-11.1444242349754
-11.1365749160303
-11.1287255970851
-11.1208762781399
-11.1130269591947
-11.1051776402495
-11.0973283213044
-11.0894790023592
-11.081629683414
-11.0737803644688
-11.0659310455236
-11.0580817265785
-11.0502324076333
-11.0423830886881
-11.0345337697429
-11.0266844507977
-11.0188351318526
-11.0109858129074
-11.0031364939622
-10.995287175017
-10.9874378560718
-10.9795885371267
-10.9717392181815
-10.9638898992363
-10.9560405802911
-10.948191261346
-10.9403419424008
-10.9324926234556
-10.9246433045104
-10.9167939855652
-10.9089446666201
-10.9010953476749
-10.8932460287297
-10.8853967097845
-10.8775473908393
-10.8696980718942
-10.861848752949
-10.8539994340038
-10.8461501150586
-10.8383007961134
-10.8304514771683
-10.8226021582231
-10.8147528392779
-10.8069035203327
-10.7990542013875
-10.7912048824424
-10.7833555634972
-10.775506244552
-10.7676569256068
-10.7598076066616
-10.7519582877165
-10.7441089687713
-10.7362596498261
-10.7284103308809
-10.7205610119357
-10.7127116929906
-10.7048623740454
-10.6970130551002
-10.689163736155
-10.6813144172098
-10.6734650982647
-10.6656157793195
-10.6577664603743
-10.6499171414291
-10.642067822484
-10.6342185035388
-10.6263691845936
-10.6185198656484
-10.6106705467032
-10.6028212277581
-10.5949719088129
-10.5871225898677
-10.5792732709225
-10.5714239519773
-10.5635746330322
-10.555725314087
-10.5478759951418
-10.5400266761966
-10.5321773572514
-10.5243280383063
-10.5164787193611
-10.5086294004159
-10.5007800814707
-10.4929307625255
-10.4850814435804
-10.4772321246352
-10.46938280569
-10.4615334867448
-10.4536841677996
-10.4458348488545
-10.4379855299093
-10.4301362109641
-10.4222868920189
-10.4144375730737
-10.4065882541286
-10.3987389351834
-10.3908896162382
-10.383040297293
-10.3751909783478
-10.3673416594027
-10.3594923404575
-10.3516430215123
-10.3437937025671
-10.3359443836219
-10.3280950646768
-10.3202457457316
-10.3123964267864
-10.3045471078412
-10.2966977888961
-10.2888484699509
-10.2809991510057
-10.2731498320605
-10.2653005131153
-10.2574511941702
-10.249601875225
-10.2417525562798
-10.2339032373346
-10.2260539183894
-10.2182045994443
-10.2103552804991
-10.2025059615539
-10.1946566426087
-10.1868073236635
-10.1789580047184
-10.1711086857732
-10.163259366828
-10.1554100478828
-10.1475607289376
-10.1397114099925
-10.1318620910473
-10.1240127721021
-10.1161634531569
-10.1083141342117
-10.1004648152666
-10.0926154963214
-10.0847661773762
-10.076916858431
-10.0690675394858
-10.0612182205407
-10.0533689015955
-10.0455195826503
-10.0376702637051
-10.02982094476
-10.0219716258148
-10.0141223068696
-10.0062729879244
-9.99842366897923
-9.99057435003405
-9.98272503108887
-9.97487571214369
-9.96702639319852
-9.95917707425334
-9.95132775530816
-9.94347843636298
-9.9356291174178
-9.92777979847262
-9.91993047952744
-9.91208116058226
-9.90423184163708
-9.8963825226919
-9.88853320374672
-9.88068388480154
-9.87283456585636
-9.86498524691118
-9.857135927966
-9.84928660902082
-9.84143729007564
-9.83358797113046
-9.82573865218528
-9.8178893332401
-9.81004001429493
-9.80219069534975
-9.79434137640457
-9.78649205745939
-9.77864273851421
-9.77079341956903
-9.76294410062385
-9.75509478167867
-9.74724546273349
-9.73939614378831
-9.73154682484313
-9.72369750589795
-9.71584818695277
-9.70799886800759
-9.70014954906241
-9.69230023011723
-9.68445091117205
-9.67660159222687
-9.6687522732817
-9.66090295433652
-9.65305363539134
-9.64520431644616
-9.63735499750098
-9.6295056785558
-9.62165635961062
-9.61380704066544
-9.60595772172026
-9.59810840277508
-9.5902590838299
-9.58240976488472
-9.57456044593954
-9.56671112699436
-9.55886180804918
-9.551012489104
-9.54316317015882
-9.53531385121364
-9.52746453226846
-9.51961521332328
-9.51176589437811
-9.50391657543293
-9.49606725648775
-9.48821793754257
-9.48036861859739
-9.47251929965221
-9.46466998070703
-9.45682066176185
-9.44897134281667
-9.44112202387149
-9.43327270492631
-9.42542338598113
-9.41757406703595
-9.40972474809077
-9.40187542914559
-9.39402611020041
-9.38617679125523
-9.37832747231005
-9.37047815336487
-9.3626288344197
-9.35477951547452
-9.34693019652934
-9.33908087758416
-9.33123155863898
-9.3233822396938
-9.31553292074862
-9.30768360180344
-9.29983428285826
-9.29198496391308
-9.2841356449679
-9.27628632602272
-9.26843700707754
-9.26058768813236
-9.25273836918718
-9.244889050242
-9.23703973129682
-9.22919041235165
-9.22134109340647
-9.21349177446129
-9.20564245551611
-9.19779313657093
-9.18994381762575
-9.18209449868057
-9.17424517973539
-9.16639586079021
-9.15854654184503
-9.15069722289985
-9.14284790395467
-9.13499858500949
-9.12714926606431
-9.11929994711913
-9.11145062817395
-9.10360130922877
-9.09575199028359
-9.08790267133841
-9.08005335239323
-9.07220403344805
-9.06435471450288
-9.0565053955577
-9.04865607661252
-9.04080675766734
-9.03295743872216
-9.02510811977698
-9.0172588008318
-9.00940948188662
-9.00156016294144
-8.99371084399626
-8.98586152505108
-8.9780122061059
-8.97016288716072
-8.96231356821554
-8.95446424927036
-8.94661493032518
-8.93876561138
-8.93091629243482
-8.92306697348964
-8.91521765454447
-8.90736833559929
-8.89951901665411
-8.89166969770893
-8.88382037876375
-8.87597105981857
-8.86812174087339
-8.86027242192821
-8.85242310298303
-8.84457378403785
-8.83672446509267
-8.82887514614749
-8.82102582720231
-8.81317650825713
-8.80532718931195
-8.79747787036677
-8.78962855142159
-8.78177923247641
-8.77392991353123
-8.76608059458606
-8.75823127564088
-8.7503819566957
-8.74253263775052
-8.73468331880534
-8.72683399986016
-8.71898468091498
-8.7111353619698
-8.70328604302462
-8.69543672407944
-8.68758740513426
-8.67973808618908
-8.6718887672439
-8.66403944829872
-8.65619012935354
-8.64834081040836
-8.64049149146318
-8.632642172518
-8.62479285357282
-8.61694353462764
-8.60909421568247
-8.60124489673729
-8.59339557779211
-8.58554625884693
-8.57769693990175
-8.56984762095657
-8.56199830201139
-8.55414898306621
-8.54629966412103
-8.53845034517585
-8.53060102623067
-8.52275170728549
-8.51490238834031
-8.50705306939513
-8.49920375044995
-8.49135443150477
-8.48350511255959
-8.47565579361441
-8.46780647466923
-8.45995715572406
-8.45210783677888
-8.4442585178337
-8.43640919888852
-8.42855987994334
-8.42071056099816
-8.41286124205298
-8.4050119231078
-8.39716260416262
-8.38931328521744
-8.38146396627226
-8.37361464732708
-8.3657653283819
-8.35791600943672
-8.35006669049154
-8.34221737154636
-8.33436805260118
-8.32651873365601
-8.31866941471083
-8.31082009576565
-8.30297077682047
-8.29512145787529
-8.28727213893011
-8.27942281998493
-8.27157350103975
-8.26372418209457
-8.25587486314939
-8.24802554420421
-8.24017622525903
-8.23232690631385
-8.22447758736867
-8.21662826842349
-8.20877894947831
-8.20092963053313
-8.19308031158795
-8.18523099264277
-8.17738167369759
-8.16953235475241
-8.16168303580724
-8.15383371686206
-8.14598439791688
-8.1381350789717
-8.13028576002652
-8.12243644108134
-8.11458712213616
-8.10673780319098
-8.0988884842458
-8.09103916530062
-8.08318984635544
-8.07534052741026
-8.06749120846508
-8.0596418895199
-8.05179257057472
-8.04394325162954
-8.03609393268436
-8.02824461373918
-8.020395294794
-8.01254597584883
-8.00469665690365
-7.99684733795847
-7.98899801901329
-7.98114870006811
-7.97329938112293
-7.96545006217775
-7.95760074323257
-7.94975142428739
-7.94190210534221
-7.93405278639703
-7.92620346745185
-7.91835414850667
-7.91050482956149
-7.90265551061631
-7.89480619167113
-7.88695687272595
-7.87910755378077
-7.87125823483559
-7.86340891589041
-7.85555959694524
-7.84771027800006
-7.83986095905488
-7.8320116401097
-7.82416232116452
-7.81631300221934
-7.80846368327416
-7.80061436432898
-7.7927650453838
-7.78491572643862
-7.77706640749344
-7.76921708854826
-7.76136776960308
-7.7535184506579
-7.74566913171272
-7.73781981276754
-7.72997049382236
-7.72212117487718
-7.714271855932
-7.70642253698683
-7.69857321804165
-7.69072389909647
-7.68287458015129
-7.67502526120611
-7.66717594226093
-7.65932662331575
-7.65147730437057
-7.64362798542539
-7.63577866648021
-7.62792934753503
-7.62008002858985
-7.61223070964467
-7.60438139069949
-7.59653207175431
-7.58868275280913
-7.58083343386395
-7.57298411491877
-7.5651347959736
-7.55728547702842
-7.54943615808324
-7.54158683913806
-7.53373752019288
-7.5258882012477
-7.51803888230252
-7.51018956335734
-7.50234024441216
-7.49449092546698
-7.4866416065218
-7.47879228757662
-7.47094296863144
-7.46309364968626
-7.45524433074108
-7.4473950117959
-7.43954569285072
-7.43169637390554
-7.42384705496036
-7.41599773601518
-7.40814841707001
-7.40029909812483
-7.39244977917965
-7.38460046023447
-7.37675114128929
-7.36890182234411
-7.36105250339893
-7.35320318445375
-7.34535386550857
-7.33750454656339
-7.32965522761821
-7.32180590867303
-7.31395658972785
-7.30610727078267
-7.29825795183749
-7.29040863289231
-7.28255931394713
-7.27470999500195
-7.26686067605677
-7.2590113571116
-7.25116203816642
-7.24331271922124
-7.23546340027606
-7.22761408133088
-7.2197647623857
-7.21191544344052
-7.20406612449534
-7.19621680555016
-7.18836748660498
-7.1805181676598
-7.17266884871462
-7.16481952976944
-7.15697021082426
-7.14912089187908
-7.1412715729339
-7.13342225398872
-7.12557293504354
-7.11772361609837
-7.10987429715319
-7.10202497820801
-7.09417565926283
-7.08632634031765
-7.07847702137247
-7.07062770242729
-7.06277838348211
-7.05492906453693
-7.04707974559175
-7.03923042664657
-7.03138110770139
-7.02353178875621
-7.01568246981103
-7.00783315086585
-6.99998383192067
-6.99213451297549
-6.98428519403031
-6.97643587508513
-6.96858655613995
-6.96073723719478
-6.9528879182496
-6.94503859930442
-6.93718928035924
-6.92933996141406
-6.92149064246888
-6.9136413235237
-6.90579200457852
-6.89794268563334
-6.89009336668816
-6.88224404774298
-6.8743947287978
-6.86654540985262
-6.85869609090744
-6.85084677196226
-6.84299745301708
-6.8351481340719
-6.82729881512672
-6.81944949618154
-6.81160017723637
-6.80375085829119
-6.79590153934601
-6.78805222040083
-6.78020290145565
-6.77235358251047
-6.76450426356529
-6.75665494462011
-6.74880562567493
-6.74095630672975
-6.73310698778457
-6.72525766883939
-6.71740834989421
-6.70955903094903
-6.70170971200385
-6.69386039305867
-6.68601107411349
-6.67816175516831
-6.67031243622313
-6.66246311727796
-6.65461379833278
-6.6467644793876
-6.63891516044242
-6.63106584149724
-6.62321652255206
-6.61536720360688
-6.6075178846617
-6.59966856571652
-6.59181924677134
-6.58396992782616
-6.57612060888098
-6.5682712899358
-6.56042197099062
-6.55257265204544
-6.54472333310026
-6.53687401415508
-6.5290246952099
-6.52117537626472
-6.51332605731955
-6.50547673837437
-6.49762741942919
-6.48977810048401
-6.48192878153883
-6.47407946259365
-6.46623014364847
-6.45838082470329
-6.45053150575811
-6.44268218681293
-6.43483286786775
-6.42698354892257
-6.41913422997739
-6.41128491103221
-6.40343559208703
-6.39558627314185
-6.38773695419667
-6.37988763525149
-6.37203831630631
-6.36418899736113
-6.35633967841595
-6.34849035947078
-6.3406410405256
-6.33279172158042
-6.32494240263524
-6.31709308369006
-6.30924376474488
-6.3013944457997
-6.29354512685452
-6.28569580790934
-6.27784648896416
-6.26999717001898
-6.2621478510738
-6.25429853212862
-6.24644921318344
-6.23859989423826
-6.23075057529308
-6.2229012563479
-6.21505193740272
-6.20720261845755
-6.19935329951237
-6.19150398056719
-6.18365466162201
-6.17580534267683
-6.16795602373165
-6.16010670478647
-6.15225738584129
-6.14440806689611
-6.13655874795093
-6.12870942900575
-6.12086011006057
-6.11301079111539
-6.10516147217021
-6.09731215322503
-6.08946283427985
-6.08161351533467
-6.07376419638949
-6.06591487744431
-6.05806555849913
-6.05021623955396
-6.04236692060878
-6.0345176016636
-6.02666828271842
-6.01881896377324
-6.01096964482806
-6.00312032588288
-5.9952710069377
-5.98742168799252
-5.97957236904734
-5.97172305010216
-5.96387373115698
-5.9560244122118
-5.94817509326662
-5.94032577432144
-5.93247645537626
-5.92462713643108
-5.9167778174859
-5.90892849854072
-5.90107917959555
-5.89322986065037
-5.88538054170519
-5.87753122276001
-5.86968190381483
-5.86183258486965
-5.85398326592447
-5.84613394697929
-5.83828462803411
-5.83043530908893
-5.82258599014375
-5.81473667119857
-5.80688735225339
-5.79903803330821
-5.79118871436303
-5.78333939541785
-5.77549007647267
-5.76764075752749
-5.75979143858232
-5.75194211963714
-5.74409280069196
-5.73624348174678
-5.7283941628016
-5.72054484385642
-5.71269552491124
-5.70484620596606
-5.69699688702088
-5.6891475680757
-5.68129824913052
-5.67344893018534
-5.66559961124016
-5.65775029229498
-5.6499009733498
-5.64205165440462
-5.63420233545944
-5.62635301651426
-5.61850369756908
-5.6106543786239
-5.60280505967873
-5.59495574073355
-5.58710642178837
-5.57925710284319
-5.57140778389801
-5.56355846495283
-5.55570914600765
-5.54785982706247
-5.54001050811729
-5.53216118917211
-5.52431187022693
-5.51646255128175
-5.50861323233657
-5.50076391339139
-5.49291459444621
-5.48506527550103
-5.47721595655585
-5.46936663761067
-5.46151731866549
-5.45366799972032
-5.44581868077514
-5.43796936182996
-5.43012004288478
-5.4222707239396
-5.41442140499442
-5.40657208604924
-5.39872276710406
-5.39087344815888
-5.3830241292137
-5.37517481026852
-5.36732549132334
-5.35947617237816
-5.35162685343298
-5.3437775344878
-5.33592821554262
-5.32807889659744
-5.32022957765226
-5.31238025870709
-5.30453093976191
-5.29668162081673
-5.28883230187155
-5.28098298292637
-5.27313366398119
-5.26528434503601
-5.25743502609083
-5.24958570714565
-5.24173638820047
-5.23388706925529
-5.22603775031011
-5.21818843136493
-5.21033911241975
-5.20248979347457
-5.19464047452939
-5.18679115558421
-5.17894183663903
-5.17109251769385
-5.16324319874867
-5.1553938798035
-5.14754456085832
-5.13969524191314
-5.13184592296796
-5.12399660402278
-5.1161472850776
-5.10829796613242
-5.10044864718724
-5.09259932824206
-5.08475000929688
-5.0769006903517
-5.06905137140652
-5.06120205246134
-5.05335273351616
-5.04550341457098
-5.0376540956258
-5.02980477668062
-5.02195545773544
-5.01410613879027
-5.00625681984509
-4.9984075008999
-4.99055818195473
-4.98270886300955
-4.97485954406437
-4.96701022511919
-4.95916090617401
-4.95131158722883
-4.94346226828365
-4.93561294933847
-4.92776363039329
-4.91991431144811
-4.91206499250293
-4.90421567355775
-4.89636635461257
-4.88851703566739
-4.88066771672221
-4.87281839777703
-4.86496907883186
-4.85711975988667
-4.8492704409415
-4.84142112199632
-4.83357180305114
-4.82572248410596
-4.81787316516078
-4.8100238462156
-4.80217452727042
-4.79432520832524
-4.78647588938006
-4.77862657043488
-4.7707772514897
-4.76292793254452
-4.75507861359934
-4.74722929465416
-4.73937997570898
-4.7315306567638
-4.72368133781862
-4.71583201887344
-4.70798269992827
-4.70013338098309
-4.69228406203791
-4.68443474309273
-4.67658542414755
-4.66873610520237
-4.66088678625719
-4.65303746731201
-4.64518814836683
-4.63733882942165
-4.62948951047647
-4.62164019153129
-4.61379087258611
-4.60594155364093
-4.59809223469575
-4.59024291575057
-4.58239359680539
-4.57454427786021
-4.56669495891503
-4.55884563996985
-4.55099632102467
-4.5431470020795
-4.53529768313432
-4.52744836418914
-4.51959904524396
-4.51174972629878
-4.5039004073536
-4.49605108840842
-4.48820176946324
-4.48035245051806
-4.47250313157288
-4.4646538126277
-4.45680449368252
-4.44895517473734
-4.44110585579216
-4.43325653684698
-4.4254072179018
-4.41755789895662
-4.40970858001144
-4.40185926106627
-4.39400994212109
-4.38616062317591
-4.37831130423073
-4.37046198528555
-4.36261266634037
-4.35476334739519
-4.34691402845001
-4.33906470950483
-4.33121539055965
-4.32336607161447
-4.31551675266929
-4.30766743372411
-4.29981811477893
-4.29196879583375
-4.28411947688857
-4.27627015794339
-4.26842083899821
-4.26057152005303
-4.25272220110786
-4.24487288216268
-4.2370235632175
-4.22917424427232
-4.22132492532714
-4.21347560638196
-4.20562628743678
-4.1977769684916
-4.18992764954642
-4.18207833060124
-4.17422901165606
-4.16637969271088
-4.1585303737657
-4.15068105482052
-4.14283173587534
-4.13498241693016
-4.12713309798498
-4.1192837790398
-4.11143446009462
-4.10358514114945
-4.09573582220427
-4.08788650325909
-4.08003718431391
-4.07218786536873
-4.06433854642355
-4.05648922747837
-4.04863990853319
-4.04079058958801
-4.03294127064283
-4.02509195169765
-4.01724263275247
-4.00939331380729
-4.00154399486211
-3.99369467591693
-3.98584535697175
-3.97799603802657
-3.97014671908139
-3.96229740013622
-3.95444808119104
-3.94659876224586
-3.93874944330068
-3.9309001243555
-3.92305080541032
-3.91520148646514
-3.90735216751996
-3.89950284857478
-3.8916535296296
-3.88380421068442
-3.87595489173924
-3.86810557279406
-3.86025625384888
-3.8524069349037
-3.84455761595852
-3.83670829701334
-3.82885897806816
-3.82100965912298
-3.8131603401778
-3.80531102123263
-3.79746170228745
-3.78961238334227
-3.78176306439709
-3.77391374545191
-3.76606442650673
-3.75821510756155
-3.75036578861637
-3.74251646967119
-3.73466715072601
-3.72681783178083
-3.71896851283565
-3.71111919389047
-3.70326987494529
-3.69542055600011
-3.68757123705493
-3.67972191810975
-3.67187259916457
-3.66402328021939
-3.65617396127421
-3.64832464232904
-3.64047532338386
-3.63262600443868
-3.6247766854935
-3.61692736654832
-3.60907804760314
-3.60122872865796
-3.59337940971278
-3.5855300907676
-3.57768077182242
-3.56983145287724
-3.56198213393206
-3.55413281498688
-3.5462834960417
-3.53843417709652
-3.53058485815134
-3.52273553920616
-3.51488622026099
-3.50703690131581
-3.49918758237063
-3.49133826342545
-3.48348894448027
-3.47563962553509
-3.46779030658991
-3.45994098764473
-3.45209166869955
-3.44424234975437
-3.43639303080919
-3.42854371186401
-3.42069439291883
-3.41284507397365
-3.40499575502847
-3.39714643608329
-3.38929711713811
-3.38144779819293
-3.37359847924775
-3.36574916030257
-3.3578998413574
-3.35005052241222
-3.34220120346704
-3.33435188452186
-3.32650256557668
-3.3186532466315
-3.31080392768632
-3.30295460874114
-3.29510528979596
-3.28725597085078
-3.2794066519056
-3.27155733296042
-3.26370801401524
-3.25585869507006
-3.24800937612488
-3.2401600571797
-3.23231073823452
-3.22446141928934
-3.21661210034416
-3.20876278139898
-3.20091346245381
-3.19306414350863
-3.18521482456345
-3.17736550561827
-3.16951618667309
-3.16166686772791
-3.15381754878273
-3.14596822983755
-3.13811891089237
-3.13026959194719
-3.12242027300201
-3.11457095405683
-3.10672163511165
-3.09887231616647
-3.09102299722129
-3.08317367827611
-3.07532435933093
-3.06747504038576
-3.05962572144058
-3.0517764024954
-3.04392708355022
-3.03607776460504
-3.02822844565986
-3.02037912671468
-3.0125298077695
-3.00468048882432
-2.99683116987914
-2.98898185093396
-2.98113253198878
-2.9732832130436
-2.96543389409842
-2.95758457515324
-2.94973525620806
-2.94188593726288
-2.9340366183177
-2.92618729937252
-2.91833798042734
-2.91048866148217
-2.90263934253699
-2.89479002359181
-2.88694070464663
-2.87909138570145
-2.87124206675627
-2.86339274781109
-2.85554342886591
-2.84769410992073
-2.83984479097555
-2.83199547203037
-2.82414615308519
-2.81629683414001
-2.80844751519483
-2.80059819624965
-2.79274887730447
-2.78489955835929
-2.77705023941411
-2.76920092046893
-2.76135160152375
-2.75350228257858
-2.7456529636334
-2.73780364468822
-2.72995432574304
-2.72210500679786
-2.71425568785268
-2.7064063689075
-2.69855704996232
-2.69070773101714
-2.68285841207196
-2.67500909312678
-2.6671597741816
-2.65931045523642
-2.65146113629124
-2.64361181734606
-2.63576249840088
-2.6279131794557
-2.62006386051053
-2.61221454156535
-2.60436522262017
-2.59651590367498
-2.58866658472981
-2.58081726578463
-2.57296794683945
-2.56511862789427
-2.55726930894909
-2.54941999000391
-2.54157067105873
-2.53372135211355
-2.52587203316837
-2.51802271422319
-2.51017339527801
-2.50232407633283
-2.49447475738765
-2.48662543844247
-2.47877611949729
-2.47092680055211
-2.46307748160694
-2.45522816266176
-2.44737884371657
-2.43952952477139
-2.43168020582622
-2.42383088688104
-2.41598156793586
-2.40813224899068
-2.4002829300455
-2.39243361110032
-2.38458429215514
-2.37673497320996
-2.36888565426478
-2.3610363353196
-2.35318701637442
-2.34533769742924
-2.33748837848406
-2.32963905953888
-2.3217897405937
-2.31394042164852
-2.30609110270334
-2.29824178375817
-2.29039246481299
-2.28254314586781
-2.27469382692263
-2.26684450797745
-2.25899518903227
-2.25114587008709
-2.24329655114191
-2.23544723219673
-2.22759791325155
-2.21974859430637
-2.21189927536119
-2.20404995641601
-2.19620063747083
-2.18835131852565
-2.18050199958047
-2.1726526806353
-2.16480336169011
-2.15695404274493
-2.14910472379975
-2.14125540485458
-2.1334060859094
-2.12555676696422
-2.11770744801904
-2.10985812907386
-2.10200881012868
-2.0941594911835
-2.08631017223832
-2.07846085329314
-2.07061153434796
-2.06276221540278
-2.0549128964576
-2.04706357751242
-2.03921425856724
-2.03136493962206
-2.02351562067688
-2.0156663017317
-2.00781698278652
-1.99996766384134
-1.99211834489616
-1.98426902595099
-1.97641970700581
-1.96857038806063
-1.96072106911545
-1.95287175017027
-1.94502243122509
-1.93717311227991
-1.92932379333473
-1.92147447438955
-1.91362515544437
-1.90577583649919
-1.89792651755401
-1.89007719860883
-1.88222787966365
-1.87437856071847
-1.86652924177329
-1.85867992282811
-1.85083060388293
-1.84298128493776
-1.83513196599258
-1.8272826470474
-1.81943332810222
-1.81158400915704
-1.80373469021186
-1.79588537126668
-1.7880360523215
-1.78018673337632
-1.77233741443114
-1.76448809548596
-1.75663877654078
-1.7487894575956
-1.74094013865042
-1.73309081970524
-1.72524150076006
-1.71739218181488
-1.7095428628697
-1.70169354392452
-1.69384422497935
-1.68599490603417
-1.67814558708899
-1.67029626814381
-1.66244694919863
-1.65459763025345
-1.64674831130827
-1.63889899236309
-1.63104967341791
-1.62320035447273
-1.61535103552755
-1.60750171658237
-1.59965239763719
-1.59180307869201
-1.58395375974683
-1.57610444080165
-1.56825512185647
-1.56040580291129
-1.55255648396611
-1.54470716502093
-1.53685784607576
-1.52900852713058
-1.5211592081854
-1.51330988924022
-1.50546057029504
-1.49761125134986
-1.48976193240468
-1.4819126134595
-1.47406329451432
-1.46621397556914
-1.45836465662396
-1.45051533767878
-1.4426660187336
-1.43481669978842
-1.42696738084324
-1.41911806189806
-1.41126874295288
-1.4034194240077
-1.39557010506253
-1.38772078611735
-1.37987146717217
-1.37202214822699
-1.36417282928181
-1.35632351033663
-1.34847419139145
-1.34062487244627
-1.33277555350109
-1.32492623455591
-1.31707691561073
-1.30922759666555
-1.30137827772037
-1.29352895877519
-1.28567963983001
-1.27783032088483
-1.26998100193965
-1.26213168299447
-1.25428236404929
-1.24643304510412
-1.23858372615894
-1.23073440721376
-1.22288508826858
-1.2150357693234
-1.20718645037822
-1.19933713143304
-1.19148781248786
-1.18363849354268
-1.1757891745975
-1.16793985565232
-1.16009053670714
-1.15224121776196
-1.14439189881678
-1.1365425798716
-1.12869326092642
-1.12084394198124
-1.11299462303606
-1.10514530409088
-1.0972959851457
-1.08944666620053
-1.08159734725535
-1.07374802831017
-1.06589870936499
-1.05804939041981
-1.05020007147463
-1.04235075252945
-1.03450143358427
-1.02665211463909
-1.01880279569391
-1.01095347674873
-1.00310415780355
-0.995254838858372
-0.987405519913192
-0.979556200968013
-0.971706882022833
-0.963857563077655
-0.956008244132475
-0.948158925187295
-0.940309606242115
-0.932460287296937
-0.924610968351757
-0.916761649406578
-0.908912330461398
-0.90106301151622
-0.89321369257104
-0.88536437362586
-0.87751505468068
-0.8696657357355
-0.861816416790321
-0.853967097845141
-0.846117778899961
-0.838268459954781
-0.830419141009603
-0.822569822064423
-0.814720503119243
-0.806871184174064
-0.799021865228886
-0.791172546283706
-0.783323227338526
-0.775473908393346
-0.767624589448168
-0.759775270502988
-0.751925951557809
-0.744076632612629
-0.736227313667451
-0.728377994722269
-0.720528675777089
-0.712679356831909
-0.704830037886731
-0.696980718941552
-0.689131399996372
-0.681282081051192
-0.673432762106014
-0.665583443160834
-0.657734124215654
-0.649884805270474
-0.642035486325296
-0.634186167380117
-0.626336848434937
-0.618487529489757
-0.610638210544579
-0.602788891599399
-0.594939572654219
-0.587090253709038
-0.57924093476386
-0.57139161581868
-0.5635422968735
-0.55569297792832
-0.547843658983142
-0.539994340037962
-0.532145021092782
-0.524295702147603
-0.516446383202425
-0.508597064257245
-0.500747745312065
-0.492898426366885
-0.485049107421707
-0.477199788476527
-0.469350469531348
-0.461501150586168
-0.45365183164099
-0.44580251269581
-0.437953193750628
-0.430103874805448
-0.42225455586027
-0.414405236915091
-0.406555917969911
-0.398706599024731
-0.390857280079553
-0.383007961134373
-0.375158642189193
-0.367309323244013
-0.359460004298834
-0.351610685353656
-0.343761366408476
-0.335912047463296
-0.328062728518116
-0.320213409572938
-0.312364090627758
-0.304514771682578
-0.296665452737397
-0.288816133792219
-0.280966814847039
-0.273117495901859
-0.265268176956679
-0.257418858011501
-0.249569539066322
-0.241720220121142
-0.233870901175962
-0.226021582230784
-0.218172263285604
-0.210322944340424
-0.202473625395244
-0.194624306450066
-0.186774987504887
-0.178925668559707
-0.171076349614527
-0.163227030669349
-0.155377711724167
-0.147528392778987
-0.139679073833808
-0.13182975488863
-0.12398043594345
-0.11613111699827
-0.10828179805309
-0.100432479107912
-0.0925831601627323
-0.0847338412175525
-0.0768845222723726
-0.0690352033271946
-0.0611858843820148
-0.053336565436835
-0.0454872464916551
-0.0376379275464771
-0.0297886086012973
-0.0219392896561175
-0.0140899707109359
-0.00624065176575783
0.00160866717942199
0.0094579861246018
0.0173073050697816
0.0251566240149597
0.0330059429601395
0.0408552619053193
0.0487045808504991
0.0565538997956772
0.064403218740857
0.0722525376860368
0.0801018566312166
0.0879511755763946
0.0958004945215745
0.103649813466754
0.111499132411934
0.119348451357114
0.127197770302292
0.135047089247474
0.142896408192653
0.150745727137833
0.158595046083011
0.166444365028191
0.174293683973371
0.182143002918551
0.189992321863729
0.197841640808909
0.205690959754088
0.213540278699268
0.221389597644446
0.229238916589626
0.237088235534806
0.244937554479986
0.252786873425164
0.260636192370344
0.268485511315523
0.276334830260705
0.284184149205883
0.292033468151063
0.299882787096243
0.307732106041422
0.3155814249866
0.32343074393178
0.33128006287696
0.33912938182214
0.346978700767318
0.354828019712498
0.362677338657678
0.370526657602857
0.378375976548035
0.386225295493215
0.394074614438395
0.401923933383575
0.409773252328753
0.417622571273935
0.425471890219114
0.433321209164294
0.441170528109472
0.449019847054652
0.456869165999832
0.464718484945012
0.47256780389019
0.48041712283537
0.488266441780549
0.496115760725729
0.503965079670907
0.511814398616087
0.519663717561267
0.527513036506447
0.535362355451625
0.543211674396805
0.551060993341984
0.558910312287166
0.566759631232346
0.574608950177524
0.582458269122704
0.590307588067883
0.598156907013063
0.606006225958241
0.613855544903421
0.621704863848601
0.629554182793781
0.637403501738959
0.645252820684139
0.653102139629318
0.660951458574498
0.668800777519676
0.676650096464856
0.684499415410036
0.692348734355216
0.700198053300394
0.708047372245575
0.715896691190755
0.723746010135935
0.731595329081113
0.739444648026293
0.747293966971473
0.755143285916652
0.762992604861831
0.77084192380701
0.77869124275219
0.78654056169737
0.794389880642548
0.802239199587728
0.810088518532908
0.817937837478087
0.825787156423266
0.833636475368445
0.841485794313625
0.849335113258807
0.857184432203985
0.865033751149165
0.872883070094344
0.880732389039524
0.888581707984702
0.896431026929882
0.904280345875062
0.912129664820242
0.91997898376542
0.9278283027106
0.935677621655779
0.943526940600959
0.951376259546137
0.959225578491317
0.967074897436497
0.974924216381677
0.982773535326855
0.990622854272036
0.998472173217216
1.0063214921624
1.01417081110757
1.02202013005275
1.02986944899793
1.03771876794311
1.04556808688829
1.05341740583347
1.06126672477865
1.06911604372383
1.07696536266901
1.08481468161419
1.09266400055937
1.10051331950455
1.10836263844973
1.11621195739491
1.12406127634009
1.13191059528527
1.13975991423045
1.14760923317563
1.15545855212081
1.16330787106599
1.17115719001117
1.17900650895634
1.18685582790152
1.1947051468467
1.20255446579188
1.21040378473706
1.21825310368224
1.22610242262742
1.2339517415726
1.24180106051778
1.24965037946296
1.25749969840814
1.26534901735332
1.2731983362985
1.28104765524368
1.28889697418886
1.29674629313404
1.30459561207921
1.31244493102439
1.32029424996957
1.32814356891475
1.33599288785993
1.34384220680511
1.35169152575029
1.35954084469547
1.36739016364065
1.37523948258583
1.38308880153101
1.39093812047619
1.39878743942137
1.40663675836655
1.41448607731173
1.42233539625691
1.43018471520209
1.43803403414727
1.44588335309245
1.45373267203763
1.4615819909828
1.46943130992798
1.47728062887316
1.48512994781834
1.49297926676352
1.5008285857087
1.50867790465388
1.51652722359906
1.52437654254424
1.53222586148942
1.5400751804346
1.54792449937978
1.55577381832496
1.56362313727014
1.57147245621532
1.5793217751605
1.58717109410568
1.59502041305086
1.60286973199604
1.61071905094122
1.6185683698864
1.62641768883157
1.63426700777675
1.64211632672193
1.64996564566711
1.65781496461229
1.66566428355747
1.67351360250265
1.68136292144783
1.68921224039301
1.69706155933819
1.70491087828337
1.71276019722855
1.72060951617373
1.72845883511891
1.73630815406409
1.74415747300927
1.75200679195444
1.75985611089962
1.7677054298448
1.77555474878998
1.78340406773516
1.79125338668034
1.79910270562552
1.8069520245707
1.81480134351588
1.82265066246106
1.83049998140624
1.83834930035142
1.8461986192966
1.85404793824178
1.86189725718696
1.86974657613214
1.87759589507732
1.8854452140225
1.89329453296768
1.90114385191286
1.90899317085803
1.91684248980321
1.92469180874839
1.93254112769357
1.94039044663875
1.94823976558393
1.95608908452911
1.96393840347429
1.97178772241947
1.97963704136465
1.98748636030983
1.99533567925501
2.00318499820019
2.01103431714537
2.01888363609055
2.02673295503573
2.03458227398091
2.04243159292609
2.05028091187127
2.05813023081645
2.06597954976163
2.0738288687068
2.08167818765198
2.08952750659716
2.09737682554234
2.10522614448752
2.1130754634327
2.12092478237788
2.12877410132306
2.13662342026824
2.14447273921342
2.1523220581586
2.16017137710378
2.16802069604896
2.17587001499414
2.18371933393932
2.1915686528845
2.19941797182967
2.20726729077485
2.21511660972003
2.22296592866521
2.23081524761039
2.23866456655557
2.24651388550075
2.25436320444593
2.26221252339111
2.27006184233629
2.27791116128147
2.28576048022665
2.29360979917183
2.30145911811701
2.30930843706219
2.31715775600737
2.32500707495255
2.33285639389773
2.34070571284291
2.34855503178809
2.35640435073326
2.36425366967844
2.37210298862362
2.3799523075688
2.38780162651398
2.39565094545916
2.40350026440434
2.41134958334952
2.4191989022947
2.42704822123988
2.43489754018506
2.44274685913024
2.45059617807542
2.4584454970206
2.46629481596578
2.47414413491096
2.48199345385614
2.48984277280132
2.4976920917465
2.50554141069168
2.51339072963686
2.52124004858203
2.52908936752721
2.53693868647239
2.54478800541757
2.55263732436275
2.56048664330793
2.56833596225311
2.57618528119829
2.58403460014347
2.59188391908865
2.59973323803383
2.60758255697901
2.61543187592419
2.62328119486937
2.63113051381455
2.63897983275973
2.6468291517049
2.65467847065008
2.66252778959526
2.67037710854044
2.67822642748562
2.6860757464308
2.69392506537598
2.70177438432116
2.70962370326634
2.71747302221152
2.7253223411567
2.73317166010188
2.74102097904706
2.74887029799224
2.75671961693742
2.7645689358826
2.77241825482778
2.78026757377296
2.78811689271814
2.79596621166332
2.80381553060849
2.81166484955367
2.81951416849885
2.82736348744403
2.83521280638921
2.84306212533439
2.85091144427957
2.85876076322475
2.86661008216993
2.87445940111511
2.88230872006029
2.89015803900547
2.89800735795065
2.90585667689583
2.91370599584101
2.92155531478619
2.92940463373137
2.93725395267655
2.94510327162173
2.95295259056691
2.96080190951209
2.96865122845726
2.97650054740244
2.98434986634762
2.9921991852928
3.00004850423798
3.00789782318316
3.01574714212834
3.02359646107352
3.0314457800187
3.03929509896388
3.04714441790906
3.05499373685424
3.06284305579942
3.0706923747446
3.07854169368978
3.08639101263496
3.09424033158014
3.10208965052531
3.10993896947049
3.11778828841567
3.12563760736085
3.13348692630603
3.14133624525121
3.14918556419639
3.15703488314157
3.16488420208675
3.17273352103193
3.18058283997711
3.18843215892229
3.19628147786747
3.20413079681265
3.21198011575783
3.21982943470301
3.22767875364819
3.23552807259337
3.24337739153855
3.25122671048372
3.2590760294289
3.26692534837408
3.27477466731926
3.28262398626444
3.29047330520962
3.2983226241548
3.30617194309998
3.31402126204516
3.32187058099034
3.32971989993552
3.3375692188807
3.34541853782588
3.35326785677106
3.36111717571624
3.36896649466142
3.3768158136066
3.38466513255178
3.39251445149696
3.40036377044214
3.40821308938732
3.41606240833249
3.42391172727767
3.43176104622285
3.43961036516803
3.44745968411321
3.45530900305839
3.46315832200357
3.47100764094875
3.47885695989393
3.48670627883911
3.49455559778429
3.50240491672947
3.51025423567465
3.51810355461983
3.52595287356501
3.53380219251019
3.54165151145537
3.54950083040054
3.55735014934572
3.5651994682909
3.57304878723608
3.58089810618126
3.58874742512644
3.59659674407162
3.6044460630168
3.61229538196198
3.62014470090716
3.62799401985234
3.63584333879752
3.6436926577427
3.65154197668788
3.65939129563306
3.66724061457824
3.67508993352342
3.6829392524686
3.69078857141378
3.69078857141378
3.6949452554701
3.69910193952642
3.70325862358274
3.70741530763906
3.71157199169538
3.7157286757517
3.71988535980802
3.72404204386435
3.72819872792067
3.73235541197699
3.73651209603331
3.74066878008963
3.74482546414595
3.74898214820227
3.75313883225859
3.75729551631492
3.76145220037124
3.76560888442756
3.76976556848388
3.7739222525402
3.77807893659652
3.78223562065284
3.78639230470916
3.79054898876549
3.79470567282181
3.79886235687813
3.80301904093445
3.80717572499077
3.81133240904709
3.81548909310341
3.81964577715973
3.82380246121606
3.82795914527238
3.8321158293287
3.83627251338502
3.84042919744134
3.84458588149766
3.84874256555398
3.85289924961031
3.85705593366663
3.86121261772295
3.86536930177927
3.86952598583559
3.87368266989191
3.87783935394823
3.88199603800455
3.88615272206088
3.8903094061172
3.89446609017352
3.89862277422984
3.90277945828616
3.90693614234248
3.9110928263988
3.91524951045512
3.91940619451145
3.92356287856777
3.92771956262409
3.93187624668041
3.93603293073673
3.94018961479305
3.94434629884937
3.94850298290569
3.95265966696202
3.95681635101834
3.96097303507466
3.96512971913098
3.9692864031873
3.97344308724362
3.97759977129994
3.98175645535626
3.98591313941259
3.99006982346891
3.99422650752523
3.99838319158155
4.00253987563787
4.00669655969419
4.01085324375051
4.01500992780683
4.01916661186316
4.02332329591948
4.0274799799758
4.03163666403212
4.03579334808844
4.03995003214476
4.04410671620108
4.0482634002574
4.05242008431373
4.05657676837005
4.06073345242637
4.06489013648269
4.06904682053901
4.07320350459533
4.07736018865165
4.08151687270797
4.0856735567643
4.08983024082062
4.09398692487694
4.09814360893326
4.10230029298958
4.1064569770459
4.11061366110222
4.11477034515855
4.11892702921487
4.12308371327119
4.12724039732751
4.13139708138383
4.13555376544015
4.13971044949647
4.14386713355279
4.14802381760912
4.15218050166544
4.15633718572176
4.16049386977808
4.1646505538344
4.16880723789072
4.17296392194704
4.17712060600336
4.18127729005969
4.18543397411601
4.18959065817233
4.19374734222865
4.19790402628497
4.20206071034129
4.20621739439761
4.21037407845393
4.21453076251026
4.21868744656658
4.2228441306229
4.22700081467922
4.23115749873554
4.23531418279186
4.23947086684818
4.2436275509045
4.24778423496083
4.25194091901715
4.25609760307347
4.26025428712979
4.26441097118611
4.26856765524243
4.27272433929875
4.27688102335507
4.2810377074114
4.28519439146772
4.28935107552404
4.29350775958036
4.29766444363668
4.301821127693
4.30597781174932
4.31013449580565
4.31429117986197
4.31844786391829
4.32260454797461
4.32676123203093
4.33091791608725
4.33507460014357
4.33923128419989
4.34338796825622
4.34754465231254
4.35170133636886
4.35585802042518
4.3600147044815
4.36417138853782
4.36832807259414
4.37248475665046
4.37664144070679
4.38079812476311
4.38495480881943
4.38911149287575
4.39326817693207
4.39742486098839
4.40158154504471
4.40573822910103
4.40989491315736
4.41405159721368
4.41820828127
4.42236496532632
4.42652164938264
4.43067833343896
4.43483501749528
4.4389917015516
4.44314838560793
4.44730506966425
4.45146175372057
4.45561843777689
4.45977512183321
4.46393180588953
4.46808848994585
4.47224517400217
4.4764018580585
4.48055854211482
4.48471522617114
4.48887191022746
4.49302859428378
4.4971852783401
4.50134196239642
4.50549864645274
4.50965533050907
4.51381201456539
4.51796869862171
4.52212538267803
4.52628206673435
4.53043875079067
4.53459543484699
4.53875211890332
4.54290880295964
4.54706548701596
4.55122217107228
4.5553788551286
4.55953553918492
4.56369222324124
4.56784890729756
4.57200559135388
4.57616227541021
4.58031895946653
4.58447564352285
4.58863232757917
4.59278901163549
4.59694569569181
4.60110237974813
4.60525906380446
4.60941574786078
4.6135724319171
4.61772911597342
4.62188580002974
4.62604248408606
4.63019916814238
4.6343558521987
4.63851253625503
4.64266922031135
4.64682590436767
4.65098258842399
4.65513927248031
4.65929595653663
4.66345264059295
4.66760932464927
4.6717660087056
4.67592269276192
4.68007937681824
4.68423606087456
4.68839274493088
4.6925494289872
4.69670611304352
4.70086279709984
4.70501948115617
4.70917616521249
4.71333284926881
4.71748953332513
4.72164621738145
4.72580290143777
4.72995958549409
4.73411626955041
4.73827295360674
4.74242963766306
4.74658632171938
4.7507430057757
4.75489968983202
4.75905637388834
4.76321305794466
4.76736974200099
4.77152642605731
4.77568311011363
4.77983979416995
4.78399647822627
4.78815316228259
4.79230984633891
4.79646653039523
4.80062321445156
4.80477989850788
4.8089365825642
4.81309326662052
4.81724995067684
4.82140663473316
4.82556331878948
4.8297200028458
4.83387668690213
4.83803337095845
4.84219005501477
4.84634673907109
4.85050342312741
4.85466010718373
4.85881679124005
4.86297347529637
4.8671301593527
4.87128684340902
4.87544352746534
4.87960021152166
4.88375689557798
4.8879135796343
4.89207026369062
4.89622694774694
4.90038363180327
4.90454031585959
4.90869699991591
4.91285368397223
4.91701036802855
4.92116705208487
4.92532373614119
4.92948042019751
4.93363710425384
4.93779378831016
4.94195047236648
4.9461071564228
4.95026384047912
4.95442052453544
4.95857720859176
4.96273389264808
4.96689057670441
4.97104726076073
4.97520394481705
4.97936062887337
4.98351731292969
4.98767399698601
4.99183068104233
4.99598736509865
5.00014404915498
5.0043007332113
5.00845741726762
5.01261410132394
5.01677078538026
5.02092746943658
5.0250841534929
5.02924083754923
5.03339752160555
5.03755420566187
5.04171088971819
5.04586757377451
5.05002425783083
5.05418094188715
5.05833762594347
5.0624943099998
5.06665099405612
5.07080767811244
5.07496436216876
5.07912104622508
5.0832777302814
5.08743441433772
5.09159109839404
5.09574778245037
5.09990446650669
5.10406115056301
5.10821783461933
5.11237451867565
5.11653120273197
5.12068788678829
5.12484457084461
5.12900125490094
5.13315793895726
5.13731462301358
5.1414713070699
5.14562799112622
5.14978467518254
5.15394135923886
5.15809804329519
5.16225472735151
5.16641141140783
5.17056809546415
5.17472477952047
5.17888146357679
5.18303814763311
5.18719483168943
5.19135151574575
5.19550819980208
5.1996648838584
5.20382156791472
5.20797825197104
5.21213493602736
5.21629162008368
5.22044830414
5.22460498819633
5.22876167225265
5.23291835630897
5.23707504036529
5.24123172442161
5.24538840847793
5.24954509253425
5.25370177659057
5.2578584606469
5.26201514470322
5.26617182875954
5.27032851281586
5.27448519687218
5.2786418809285
5.28279856498482
5.28695524904114
5.29111193309746
5.29526861715379
5.29942530121011
5.30358198526643
5.30773866932275
5.31189535337907
5.31605203743539
5.32020872149171
5.32436540554804
5.32852208960436
5.33267877366068
5.336835457717
5.34099214177332
5.34514882582964
5.34930550988596
5.35346219394228
5.35761887799861
5.36177556205493
5.36593224611125
5.37008893016757
5.37424561422389
5.37840229828021
5.38255898233653
5.38671566639285
5.39087235044918
5.3950290345055
5.39918571856182
5.40334240261814
5.40749908667446
5.41165577073078
5.4158124547871
5.41996913884342
5.42412582289975
5.42828250695607
5.43243919101239
5.43659587506871
5.44075255912503
5.44490924318135
5.44906592723767
5.453222611294
5.45737929535032
5.46153597940664
5.46569266346296
5.46984934751928
5.4740060315756
5.47816271563192
5.48231939968824
5.48647608374456
5.49063276780089
5.49478945185721
5.49894613591353
5.50310281996985
5.50725950402617
5.51141618808249
5.51557287213881
5.51972955619514
5.52388624025146
5.52804292430778
5.5321996083641
5.53635629242042
5.54051297647674
5.54466966053306
5.54882634458938
5.55298302864571
5.55713971270203
5.56129639675835
5.56545308081467
5.56960976487099
5.57376644892731
5.57792313298363
5.58207981703995
5.58623650109628
5.5903931851526
5.59454986920892
5.59870655326524
5.60286323732156
5.60701992137788
5.6111766054342
5.61533328949052
5.61948997354685
5.62364665760317
5.62780334165949
5.63196002571581
5.63611670977213
5.64027339382845
5.64443007788477
5.64858676194109
5.65274344599742
5.65690013005374
5.66105681411006
5.66521349816638
5.6693701822227
5.67352686627902
5.67768355033534
5.68184023439166
5.68599691844799
5.69015360250431
5.69431028656063
5.69846697061695
5.70262365467327
5.70678033872959
5.71093702278591
5.71509370684223
5.71925039089856
5.72340707495488
5.7275637590112
5.73172044306752
5.73587712712384
5.74003381118016
5.74419049523648
5.74834717929281
5.75250386334913
5.75666054740545
5.76081723146177
5.76497391551809
5.76913059957441
5.77328728363073
5.77744396768705
5.78160065174337
5.7857573357997
5.78991401985602
5.79407070391234
5.79822738796866
5.80238407202498
5.8065407560813
5.81069744013762
5.81485412419395
5.81901080825027
5.82316749230659
5.82732417636291
5.83148086041923
5.83563754447555
5.83979422853187
5.84395091258819
5.84810759664452
5.85226428070084
5.85642096475716
5.86057764881348
5.8647343328698
5.86889101692612
5.87304770098244
5.87720438503876
5.88136106909509
5.88551775315141
5.88967443720773
5.89383112126405
5.89798780532037
5.90214448937669
5.90630117343301
5.91045785748933
5.91461454154566
5.91877122560198
5.9229279096583
5.92708459371462
5.93124127777094
5.93539796182726
5.93955464588358
5.94371132993991
5.94786801399623
5.95202469805255
5.95618138210887
5.96033806616519
5.96449475022151
5.96865143427783
5.97280811833415
5.97696480239048
5.9811214864468
5.98527817050312
5.98943485455944
5.99359153861576
5.99774822267208
6.0019049067284
6.00606159078472
6.01021827484105
6.01437495889737
6.01853164295369
6.02268832701001
6.02684501106633
6.03100169512265
6.03515837917897
6.03931506323529
6.04347174729162
6.04762843134794
6.05178511540426
6.05594179946058
6.0600984835169
6.06425516757322
6.06841185162954
6.07256853568586
6.07672521974219
6.08088190379851
6.08503858785483
6.08919527191115
6.09335195596747
6.09750864002379
6.10166532408011
6.10582200813644
6.10997869219276
6.11413537624908
6.1182920603054
6.12244874436172
6.12660542841804
6.13076211247436
6.13491879653068
6.139075480587
6.14323216464333
6.14738884869965
6.15154553275597
6.15570221681229
6.15985890086861
6.16401558492493
6.16817226898125
6.17232895303757
6.1764856370939
6.18064232115022
6.18479900520654
6.18895568926286
6.19311237331918
6.1972690573755
6.20142574143182
6.20558242548815
6.20973910954447
6.21389579360079
6.21805247765711
6.22220916171343
6.22636584576975
6.23052252982607
6.23467921388239
6.23883589793872
6.24299258199504
6.24714926605136
6.25130595010768
6.255462634164
6.25961931822032
6.26377600227664
6.26793268633296
6.27208937038929
6.27624605444561
6.28040273850193
6.28455942255825
6.28871610661457
6.29287279067089
6.29702947472721
6.30118615878354
6.30534284283986
6.30949952689618
6.3136562109525
6.31781289500882
6.32196957906514
6.32612626312146
6.33028294717778
6.3344396312341
6.33859631529043
6.34275299934675
6.34690968340307
6.35106636745939
6.35522305151571
6.35937973557203
6.36353641962835
6.36769310368467
6.371849787741
6.37600647179732
6.38016315585364
6.38431983990996
6.38847652396628
6.3926332080226
6.39678989207892
6.40094657613525
6.40510326019157
6.40925994424789
6.41341662830421
6.41757331236053
6.42172999641685
6.42588668047317
6.43004336452949
6.43420004858582
6.43835673264214
6.44251341669846
6.44667010075478
6.4508267848111
6.45498346886742
6.45914015292374
6.46329683698006
6.46745352103639
6.47161020509271
6.47576688914903
6.47992357320535
6.48408025726167
6.48823694131799
6.49239362537431
6.49655030943063
6.50070699348696
6.50486367754328
6.5090203615996
6.51317704565592
6.51733372971224
6.52149041376856
6.52564709782488
6.5298037818812
6.53396046593753
6.53811714999385
6.54227383405017
6.54643051810649
6.55058720216281
6.55474388621913
6.55890057027545
6.56305725433177
6.5672139383881
6.57137062244442
6.57552730650074
6.57968399055706
6.58384067461338
6.5879973586697
6.59215404272602
6.59631072678235
6.60046741083867
6.60462409489499
6.60878077895131
6.61293746300763
6.61709414706395
6.62125083112027
6.62540751517659
6.62956419923291
6.63372088328924
6.63787756734556
6.64203425140188
6.6461909354582
6.65034761951452
6.65450430357084
6.65866098762716
6.66281767168349
6.66697435573981
6.67113103979613
6.67528772385245
6.67944440790877
6.68360109196509
6.68775777602141
6.69191446007773
6.69607114413406
6.70022782819038
6.7043845122467
6.70854119630302
6.71269788035934
6.71685456441566
6.72101124847198
6.7251679325283
6.72932461658463
6.73348130064095
6.73763798469727
6.74179466875359
6.74595135280991
6.75010803686623
6.75426472092255
6.75842140497887
6.7625780890352
6.76673477309152
6.77089145714784
6.77504814120416
6.77920482526048
6.7833615093168
6.78751819337312
6.79167487742945
6.79583156148577
6.79998824554209
6.80414492959841
6.80830161365473
6.81245829771105
6.81661498176737
6.82077166582369
6.82492834988001
6.82908503393634
6.83324171799266
6.83739840204898
6.8415550861053
6.84571177016162
6.84986845421794
6.85402513827426
6.85818182233059
6.86233850638691
6.86649519044323
6.87065187449955
6.87480855855587
6.87896524261219
6.88312192666851
6.88727861072483
6.89143529478116
6.89559197883748
6.8997486628938
6.90390534695012
6.90806203100644
6.91221871506276
6.91637539911908
6.9205320831754
6.92468876723172
6.92884545128805
6.93300213534437
6.93715881940069
6.94131550345701
6.94547218751333
6.94962887156965
6.95378555562597
6.9579422396823
6.96209892373862
6.96625560779494
6.97041229185126
6.97456897590758
6.9787256599639
6.98288234402022
6.98703902807654
6.99119571213287
6.99535239618919
6.99950908024551
7.00366576430183
7.00782244835815
7.01197913241447
7.01613581647079
7.02029250052711
7.02444918458344
7.02860586863976
7.03276255269608
7.0369192367524
7.04107592080872
7.04523260486504
7.04938928892136
7.05354597297768
7.05770265703401
7.06185934109033
7.06601602514665
7.07017270920297
7.07432939325929
7.07848607731561
7.08264276137193
7.08679944542826
7.09095612948458
7.0951128135409
7.09926949759722
7.10342618165354
7.10758286570986
7.11173954976618
7.1158962338225
7.12005291787882
7.12420960193515
7.12836628599147
7.13252297004779
7.13667965410411
7.14083633816043
7.14499302221675
7.14914970627307
7.1533063903294
7.15746307438572
7.16161975844204
7.16577644249836
7.16993312655468
7.174089810611
7.17824649466732
7.18240317872364
7.18655986277997
7.19071654683629
7.19487323089261
7.19902991494893
7.20318659900525
7.20734328306157
7.21149996711789
7.21565665117421
7.21981333523054
7.22397001928686
7.22812670334318
7.2322833873995
7.23644007145582
7.24059675551214
7.24475343956846
7.24891012362478
7.25306680768111
7.25722349173743
7.26138017579375
7.26553685985007
7.26969354390639
7.27385022796271
7.27800691201903
7.28216359607536
7.28632028013168
7.290476964188
7.29463364824432
7.29879033230064
7.30294701635696
7.30710370041328
7.3112603844696
7.31541706852592
7.31957375258225
7.32373043663857
7.32788712069489
7.33204380475121
7.33620048880753
7.34035717286385
7.34451385692017
7.3486705409765
7.35282722503282
7.35698390908914
7.36114059314546
7.36529727720178
7.3694539612581
7.37361064531442
7.37776732937074
7.38192401342707
7.38608069748339
7.39023738153971
7.39439406559603
7.39855074965235
7.40270743370867
7.40686411776499
7.41102080182131
7.41517748587763
7.41933416993396
7.42349085399028
7.4276475380466
7.43180422210292
7.43596090615924
7.44011759021556
7.44427427427188
7.44843095832821
7.45258764238453
7.45674432644085
7.46090101049717
7.46505769455349
7.46921437860981
7.47337106266613
7.47752774672245
7.48168443077878
7.4858411148351
7.48999779889142
7.49415448294774
7.49831116700406
7.50246785106038
7.5066245351167
7.51078121917302
7.51493790322935
7.51909458728567
7.52325127134199
7.52740795539831
7.53156463945463
7.53572132351095
7.53987800756727
7.54403469162359
7.54819137567992
7.55234805973624
7.55650474379256
7.56066142784888
7.5648181119052
7.56897479596152
7.57313148001784
7.57728816407417
7.58144484813049
7.58560153218681
7.58975821624313
7.59391490029945
7.59807158435577
7.60222826841209
7.60638495246841
7.61054163652474
7.61469832058106
7.61885500463738
7.6230116886937
7.62716837275002
7.63132505680634
7.63548174086266
7.63963842491898
7.64379510897531
7.64795179303163
7.65210847708795
7.65626516114427
7.66042184520059
7.66457852925691
7.66873521331323
7.67289189736955
7.67704858142588
7.6812052654822
7.68536194953852
7.68951863359484
7.69367531765116
7.69783200170748
7.7019886857638
7.70614536982012
7.71030205387645
7.71445873793277
7.71861542198909
7.72277210604541
7.72692879010173
7.73108547415805
7.73524215821437
7.73939884227069
7.74355552632702
7.74771221038334
7.75186889443966
7.75602557849598
7.7601822625523
7.76433894660862
7.76849563066494
7.77265231472126
7.77680899877759
7.78096568283391
7.78512236689023
7.78927905094655
7.79343573500287
7.79759241905919
7.80174910311551
7.80590578717184
7.81006247122816
7.81421915528448
7.8183758393408
7.82253252339712
7.82668920745344
7.83084589150976
7.83500257556608
7.83915925962241
7.84331594367873
7.84747262773505
7.85162931179137
7.85578599584769
7.85994267990401
7.86409936396033
7.86825604801665
7.87241273207298
7.8765694161293
7.88072610018562
7.88488278424194
7.88903946829826
7.89319615235458
7.8973528364109
7.90150952046722
7.90566620452355
7.90982288857987
7.91397957263619
7.91813625669251
7.92229294074883
7.92644962480515
7.93060630886147
7.93476299291779
7.93891967697412
7.94307636103044
7.94723304508676
7.95138972914308
7.9555464131994
7.95970309725572
7.96385978131204
7.96801646536836
7.97217314942469
7.97632983348101
7.98048651753733
7.98464320159365
7.98879988564997
7.99295656970629
7.99711325376261
8.00126993781894
8.00542662187526
8.00958330593158
8.0137399899879
8.01789667404422
8.02205335810054
8.02621004215686
8.03036672621318
8.03452341026951
8.03868009432583
8.04283677838215
8.04699346243847
8.05115014649479
8.05530683055111
8.05946351460743
8.06362019866375
8.06777688272008
8.0719335667764
8.07609025083272
8.08024693488904
8.08440361894536
8.08856030300168
8.092716987058
8.09687367111432
8.10103035517065
8.10518703922697
8.10934372328329
8.11350040733961
8.11765709139593
8.12181377545225
8.12597045950857
8.13012714356489
8.13428382762122
8.13844051167754
8.14259719573386
8.14675387979018
8.1509105638465
8.15506724790282
8.15922393195914
8.16338061601546
8.16753730007179
8.17169398412811
8.17585066818443
8.18000735224075
8.18416403629707
8.18832072035339
8.19247740440971
8.19663408846603
8.20079077252236
8.20494745657868
8.209104140635
8.21326082469132
8.21741750874764
8.22157419280396
8.22573087686028
8.22988756091661
8.23404424497292
8.23820092902925
8.24235761308557
8.24651429714189
8.25067098119821
8.25482766525453
8.25898434931085
8.26314103336718
8.2672977174235
8.27145440147982
8.27561108553614
8.27976776959246
8.28392445364878
8.2880811377051
8.29223782176143
8.29639450581774
8.30055118987407
8.30470787393039
8.30886455798671
8.31302124204303
8.31717792609935
8.32133461015567
8.32549129421199
8.32964797826832
8.33380466232464
8.33796134638096
8.34211803043728
8.3462747144936
8.35043139854992
8.35458808260624
8.35874476666256
8.36290145071889
8.36705813477521
8.37121481883153
8.37537150288785
8.37952818694417
8.38368487100049
8.38784155505681
8.39199823911314
8.39615492316945
8.40031160722578
8.4044682912821
8.40862497533842
8.41278165939474
8.41693834345106
8.42109502750738
8.4252517115637
8.42940839562003
8.43356507967635
8.43772176373267
8.44187844778899
8.44603513184531
8.45019181590163
8.45434849995795
8.45850518401427
8.4626618680706
8.46681855212692
8.47097523618324
8.47513192023956
8.47928860429588
8.4834452883522
8.48760197240852
8.49175865646485
8.49591534052117
8.50007202457749
8.50422870863381
8.50838539269013
8.51254207674645
8.51669876080277
8.52085544485909
8.52501212891542
8.52916881297174
8.53332549702806
8.53748218108438
8.5416388651407
8.54579554919702
8.54995223325334
8.55410891730966
8.55826560136599
8.56242228542231
8.56657896947863
8.57073565353495
8.57489233759127
8.57904902164759
8.58320570570391
8.58736238976023
8.59151907381656
8.59567575787288
8.5998324419292
8.60398912598552
8.60814581004184
8.61230249409816
8.61645917815448
8.6206158622108
8.62477254626713
8.62892923032345
8.63308591437977
8.63724259843609
8.64139928249241
8.64555596654873
8.64971265060505
8.65386933466137
8.6580260187177
8.66218270277402
8.66633938683034
8.67049607088666
8.67465275494298
8.6788094389993
8.68296612305562
8.68712280711195
8.69127949116827
8.69543617522459
8.69959285928091
8.70374954333723
8.70790622739355
8.71206291144987
8.71621959550619
8.72037627956252
8.72453296361884
8.72868964767516
8.73284633173148
8.7370030157878
8.74115969984412
8.74531638390044
8.74947306795676
8.75362975201309
8.75778643606941
8.76194312012573
8.76609980418205
8.77025648823837
8.77441317229469
8.77856985635101
8.78272654040734
8.78688322446365
8.79103990851998
8.7951965925763
8.79935327663262
8.80350996068894
8.80766664474526
8.81182332880158
8.8159800128579
8.82013669691423
8.82429338097055
8.82845006502687
8.83260674908319
8.83676343313951
8.84092011719583
8.84507680125215
8.84923348530847
8.8533901693648
8.85754685342112
8.86170353747744
8.86586022153376
8.87001690559008
8.8741735896464
8.87833027370272
8.88248695775905
8.88664364181536
8.89080032587169
8.89495700992801
8.89911369398433
8.90327037804065
8.90742706209697
8.91158374615329
8.91574043020962
8.91989711426594
8.92405379832226
8.92821048237858
8.9323671664349
8.93652385049122
8.94068053454754
8.94483721860386
8.94899390266018
8.95315058671651
8.95730727077283
8.96146395482915
8.96562063888547
8.96977732294179
8.97393400699811
8.97809069105443
8.98224737511076
8.98640405916708
8.9905607432234
8.99471742727972
8.99887411133604
9.00303079539236
9.00718747944868
9.011344163505
9.01550084756133
9.01965753161765
9.02381421567397
9.02797089973029
9.03212758378661
9.03628426784293
9.04044095189925
9.04459763595557
9.04875432001189
9.05291100406822
9.05706768812454
9.06122437218086
9.06538105623718
9.0695377402935
9.07369442434982
9.07785110840614
9.08200779246247
9.08616447651879
9.09032116057511
9.09447784463143
9.09863452868775
9.10279121274407
9.10694789680039
9.11110458085671
9.11526126491304
9.11941794896936
9.12357463302568
9.127731317082
9.13188800113832
9.13604468519464
9.14020136925096
9.14435805330728
9.14851473736361
9.15267142141993
9.15682810547625
9.16098478953257
9.16514147358889
9.16929815764521
9.17345484170153
9.17761152575786
9.18176820981418
9.1859248938705
9.19008157792682
9.19423826198314
9.19839494603946
9.20255163009578
9.2067083141521
9.21086499820843
9.21502168226475
9.21917836632107
9.22333505037739
9.22749173443371
9.23164841849003
9.23580510254635
9.23996178660267
9.244118470659
9.24827515471532
9.25243183877164
9.25658852282796
9.26074520688428
9.2649018909406
9.26905857499692
9.27321525905325
9.27737194310957
9.28152862716589
9.28568531122221
9.28984199527853
9.29399867933485
9.29815536339117
9.30231204744749
9.30646873150381
9.31062541556014
9.31478209961646
9.31893878367278
9.3230954677291
9.32725215178542
9.33140883584174
9.33556551989806
9.33972220395438
9.34387888801071
9.34803557206703
9.35219225612335
9.35634894017967
9.36050562423599
9.36466230829231
9.36881899234863
9.37297567640496
9.37713236046127
9.3812890445176
9.38544572857392
9.38960241263024
9.39375909668656
9.39791578074288
9.4020724647992
9.40622914885553
9.41038583291185
9.41454251696817
9.41869920102449
9.42285588508081
9.42701256913713
9.43116925319345
9.43532593724978
9.43948262130609
9.44363930536242
9.44779598941874
9.45195267347506
9.45610935753138
9.4602660415877
9.46442272564402
9.46857940970034
9.47273609375667
9.47689277781299
9.48104946186931
9.48520614592563
9.48936282998195
9.49351951403827
9.49767619809459
9.50183288215091
9.50598956620724
9.51014625026356
9.51430293431988
9.5184596183762
9.52261630243252
9.52677298648884
9.53092967054516
9.53508635460148
9.5392430386578
9.54339972271413
9.54755640677045
9.55171309082677
9.55586977488309
9.56002645893941
9.56418314299573
9.56833982705205
9.57249651110838
9.5766531951647
9.58080987922102
9.58496656327734
9.58912324733366
9.59327993138998
9.5974366154463
9.60159329950262
9.60574998355895
9.60990666761527
9.61406335167159
9.61822003572791
9.62237671978423
9.62653340384055
9.63069008789687
9.6348467719532
9.63900345600952
9.64316014006584
9.64731682412216
9.65147350817848
9.6556301922348
9.65978687629112
9.66394356034744
9.66810024440377
9.67225692846009
9.67641361251641
9.68057029657273
9.68472698062905
9.68888366468537
9.69304034874169
9.69719703279801
9.70135371685434
9.70551040091066
9.70966708496698
9.7138237690233
9.71798045307962
9.72213713713594
9.72629382119226
9.73045050524858
9.73460718930491
9.73876387336123
9.74292055741755
9.74707724147387
9.75123392553019
9.75539060958651
9.75954729364283
9.76370397769915
9.76786066175548
9.7720173458118
9.77617402986812
9.78033071392444
9.78448739798076
9.78864408203708
9.7928007660934
9.79695745014972
9.80111413420605
9.80527081826237
9.80942750231869
9.81358418637501
9.81774087043133
9.82189755448765
9.82605423854397
9.83021092260029
9.83436760665662
9.83852429071294
9.84268097476926
9.84683765882558
9.8509943428819
9.85515102693822
9.85930771099454
9.86346439505087
9.86762107910718
9.87177776316351
9.87593444721983
9.88009113127615
9.88424781533247
9.88840449938879
9.89256118344511
9.89671786750144
9.90087455155776
9.90503123561408
9.9091879196704
9.91334460372672
9.91750128778304
9.92165797183936
9.92581465589569
9.929971339952
9.93412802400833
9.93828470806465
9.94244139212097
9.94659807617729
9.95075476023361
9.95491144428993
9.95906812834625
9.96322481240258
9.9673814964589
9.97153818051522
9.97569486457154
9.97985154862786
9.98400823268418
9.9881649167405
9.99232160079682
9.99647828485315
10.0006349689095
10.0047916529658
10.0089483370221
10.0131050210784
10.0172617051348
10.0214183891911
10.0255750732474
10.0297317573037
10.03388844136
10.0380451254164
10.0422018094727
10.046358493529
10.0505151775853
10.0546718616416
10.058828545698
10.0629852297543
10.0671419138106
10.0712985978669
10.0754552819233
10.0796119659796
10.0837686500359
10.0879253340922
10.0920820181485
10.0962387022049
10.1003953862612
10.1045520703175
10.1087087543738
10.1128654384301
10.1170221224865
10.1211788065428
10.1253354905991
10.1294921746554
10.1336488587117
10.1378055427681
10.1419622268244
10.1461189108807
10.150275594937
10.1544322789934
10.1585889630497
10.162745647106
10.1669023311623
10.1710590152186
10.175215699275
10.1793723833313
10.1835290673876
10.1876857514439
10.1918424355002
10.1959991195566
10.2001558036129
10.2043124876692
10.2084691717255
10.2126258557819
10.2167825398382
10.2209392238945
10.2250959079508
10.2292525920071
10.2334092760635
10.2375659601198
10.2417226441761
10.2458793282324
10.2500360122887
10.2541926963451
10.2583493804014
10.2625060644577
10.266662748514
10.2708194325703
10.2749761166267
10.279132800683
10.2832894847393
10.2874461687956
10.291602852852
10.2957595369083
10.2999162209646
10.3040729050209
10.3082295890772
10.3123862731336
10.3165429571899
10.3206996412462
10.3248563253025
10.3290130093588
10.3331696934152
10.3373263774715
10.3414830615278
10.3456397455841
10.3497964296405
10.3539531136968
10.3581097977531
10.3622664818094
10.3664231658657
10.3705798499221
10.3747365339784
10.3788932180347
10.383049902091
10.3872065861473
10.3913632702037
10.39551995426
10.3996766383163
10.4038333223726
10.407990006429
10.4121466904853
10.4163033745416
10.4204600585979
10.4246167426542
10.4287734267106
10.4329301107669
10.4370867948232
10.4412434788795
10.4454001629358
10.4495568469922
10.4537135310485
10.4578702151048
10.4620268991611
10.4661835832175
10.4703402672738
10.4744969513301
10.4786536353864
10.4828103194427
10.4869670034991
10.4911236875554
10.4952803716117
10.499437055668
10.5035937397243
10.5077504237807
10.511907107837
10.5160637918933
10.5202204759496
10.5243771600059
10.5285338440623
10.5326905281186
10.5368472121749
10.5410038962312
10.5451605802876
10.5493172643439
10.5534739484002
10.5576306324565
10.5617873165128
10.5659440005692
10.5701006846255
10.5742573686818
10.5784140527381
10.5825707367944
10.5867274208508
10.5908841049071
10.5950407889634
10.5991974730197
10.6033541570761
10.6075108411324
10.6116675251887
10.615824209245
10.6199808933013
10.6241375773577
10.628294261414
10.6324509454703
10.6366076295266
10.6407643135829
10.6449209976393
10.6490776816956
10.6532343657519
10.6573910498082
10.6615477338646
10.6657044179209
10.6698611019772
10.6740177860335
10.6781744700898
10.6823311541462
10.6864878382025
10.6906445222588
10.6948012063151
10.6989578903714
10.7031145744278
10.7072712584841
10.7114279425404
10.7155846265967
10.719741310653
10.7238979947094
10.7280546787657
10.732211362822
10.7363680468783
10.7405247309347
10.744681414991
10.7488380990473
10.7529947831036
10.7571514671599
10.7613081512163
10.7654648352726
10.7696215193289
10.7737782033852
10.7779348874415
10.7820915714979
10.7862482555542
10.7904049396105
10.7945616236668
10.7987183077232
10.8028749917795
10.8070316758358
10.8111883598921
10.8153450439484
10.8195017280048
10.8236584120611
10.8278150961174
10.8319717801737
10.83612846423
10.8402851482864
10.8444418323427
10.848598516399
10.8527552004553
10.8569118845116
10.861068568568
10.8652252526243
10.8693819366806
10.8735386207369
10.8776953047933
10.8818519888496
10.8860086729059
10.8901653569622
10.8943220410185
10.8984787250749
10.9026354091312
10.9067920931875
10.9109487772438
10.9151054613001
10.9192621453565
10.9234188294128
10.9275755134691
10.9317321975254
10.9358888815818
10.9400455656381
10.9442022496944
10.9483589337507
10.952515617807
10.9566723018634
10.9608289859197
10.964985669976
10.9691423540323
10.9732990380886
10.977455722145
10.9816124062013
10.9857690902576
10.9899257743139
10.9940824583703
10.9982391424266
11.0023958264829
11.0065525105392
11.0107091945955
11.0148658786519
11.0190225627082
11.0231792467645
11.0273359308208
11.0314926148771
11.0356492989335
11.0398059829898
11.0439626670461
11.0481193511024
11.0522760351587
11.0564327192151
11.0605894032714
11.0647460873277
11.068902771384
11.0730594554404
11.0772161394967
11.081372823553
11.0855295076093
11.0896861916656
11.093842875722
11.0979995597783
11.1021562438346
11.1063129278909
11.1104696119472
11.1146262960036
11.1187829800599
11.1229396641162
11.1270963481725
11.1312530322289
11.1354097162852
11.1395664003415
11.1437230843978
11.1478797684541
11.1520364525105
11.1561931365668
11.1603498206231
11.1645065046794
11.1686631887357
11.1728198727921
11.1769765568484
11.1811332409047
11.185289924961
11.1894466090174
11.1936032930737
11.19775997713
11.2019166611863
11.2060733452426
11.210230029299
11.2143867133553
11.2185433974116
11.2227000814679
11.2268567655242
11.2310134495806
11.2351701336369
11.2393268176932
11.2434835017495
11.2476401858058
11.2517968698622
11.2559535539185
11.2601102379748
11.2642669220311
11.2684236060875
11.2725802901438
11.2767369742001
11.2808936582564
11.2850503423127
11.2892070263691
11.2933637104254
11.2975203944817
11.301677078538
11.3058337625943
11.3099904466507
11.314147130707
11.3183038147633
11.3224604988196
11.326617182876
11.3307738669323
11.3349305509886
11.3390872350449
11.3432439191012
11.3474006031576
11.3515572872139
11.3557139712702
11.3598706553265
11.3640273393828
11.3681840234392
11.3723407074955
11.3764973915518
11.3806540756081
11.3848107596645
11.3889674437208
11.3931241277771
11.3972808118334
11.4014374958897
11.4055941799461
11.4097508640024
11.4139075480587
11.418064232115
11.4222209161713
11.4263776002277
11.430534284284
11.4346909683403
11.4388476523966
11.4430043364529
11.4471610205093
11.4513177045656
11.4554743886219
11.4596310726782
11.4637877567346
11.4679444407909
11.4721011248472
11.4762578089035
11.4804144929598
11.4845711770162
11.4887278610725
11.4928845451288
11.4970412291851
11.5011979132414
11.5053545972978
11.5095112813541
11.5136679654104
11.5178246494667
11.5219813335231
11.5261380175794
11.5302947016357
11.534451385692
11.5386080697483
11.5427647538047
11.546921437861
11.5510781219173
11.5552348059736
11.5593914900299
11.5635481740863
11.5677048581426
11.5718615421989
11.5760182262552
11.5801749103116
11.5843315943679
11.5884882784242
11.5926449624805
11.5968016465368
11.6009583305932
11.6051150146495
11.6092716987058
11.6134283827621
11.6175850668184
11.6217417508748
11.6258984349311
11.6300551189874
11.6342118030437
11.6383684871
11.6425251711564
11.6466818552127
11.650838539269
11.6549952233253
11.6591519073817
11.663308591438
11.6674652754943
11.6716219595506
11.6757786436069
11.6799353276633
11.6840920117196
11.6882486957759
11.6924053798322
11.6965620638885
11.7007187479449
11.7048754320012
11.7090321160575
11.7131888001138
11.7173454841702
11.7215021682265
11.7256588522828
11.7298155363391
11.7339722203954
11.7381289044518
11.7422855885081
11.7464422725644
11.7505989566207
11.754755640677
11.7589123247334
11.7630690087897
11.767225692846
11.7713823769023
11.7755390609586
11.779695745015
11.7838524290713
11.7880091131276
11.7921657971839
11.7963224812403
11.8004791652966
11.8046358493529
11.8087925334092
11.8129492174655
11.8171059015219
11.8212625855782
11.8254192696345
11.8295759536908
11.8337326377471
11.8378893218035
11.8420460058598
11.8462026899161
11.8503593739724
11.8545160580288
11.8586727420851
11.8628294261414
11.8669861101977
11.871142794254
11.8752994783104
11.8794561623667
11.883612846423
11.8877695304793
11.8919262145356
11.896082898592
11.9002395826483
11.9043962667046
11.9085529507609
11.9127096348173
11.9168663188736
11.9210230029299
11.9251796869862
11.9293363710425
11.9334930550989
11.9376497391552
11.9418064232115
11.9459631072678
11.9501197913241
11.9542764753805
11.9584331594368
11.9625898434931
11.9667465275494
11.9709032116058
11.9750598956621
11.9792165797184
11.9833732637747
11.987529947831
11.9916866318874
11.9958433159437
12
