-11.9893820640149
-11.9773549296297
-11.9653277322464
-11.9533004716148
-11.9412731474836
-11.9292457596004
-11.9172183077111
-11.9051907915609
-11.8931632108933
-11.8811355654507
-11.8691078549742
-11.8570800792036
-11.8450522378774
-11.8330243307328
-11.8209963575056
-11.8089683179304
-11.7969402117405
-11.7849120386677
-11.7728837984425
-11.7608554907942
-11.7488271154506
-11.736798672138
-11.7247701605816
-11.7127415805051
-11.7007129316307
-11.6886842136793
-11.6766554263704
-11.664626569422
-11.6525976425507
-11.6405686454717
-11.6285395778987
-11.6165104395441
-11.6044812301185
-11.5924519493313
-11.5804225968904
-11.5683931725021
-11.5563636758713
-11.5443341067013
-11.5323044646938
-11.5202747495493
-11.5082449609664
-11.4962150986423
-11.4841851622728
-11.4721551515518
-11.4601250661718
-11.4480949058238
-11.436064670197
-11.4240343589792
-11.4120039718565
-11.3999735085133
-11.3879429686324
-11.375912351895
-11.3638816579807
-11.3518508865672
-11.3398200373308
-11.3277891099459
-11.3157581040853
-11.3037270194202
-11.2916958556197
-11.2796646123517
-11.2676332892818
-11.2556018860744
-11.2435704023917
-11.2315388378943
-11.219507192241
-11.2074754650889
-11.195443656093
-11.1834117649069
-11.171379791182
-11.159347734568
-11.1473155947128
-11.1352833712624
-11.1232510638608
-11.1112186721502
-11.099186195771
-11.0871536343616
-11.0751209875583
-11.0630882549958
-11.0510554363066
-11.0390225311212
-11.0269895390684
-11.0149564597748
-11.0029232928649
-10.9908900379615
-10.9788566946851
-10.9668232626542
-10.9547897414854
-10.9427561307931
-10.9307224301896
-10.9186886392852
-10.9066547576881
-10.8946207850042
-10.8825867208374
-10.8705525647895
-10.8585183164601
-10.8464839754465
-10.834449541344
-10.8224150137455
-10.8103803922419
-10.7983456764217
-10.7863108658711
-10.7742759601742
-10.7622409589128
-10.7502058616664
-10.7381706680119
-10.7261353775244
-10.7140999897763
-10.7020645043376
-10.6900289207763
-10.6779932386575
-10.6659574575444
-10.6539215769975
-10.6418855965748
-10.6298495158321
-10.6178133343225
-10.6057770515969
-10.5937406672033
-10.5817041806876
-10.5696675915928
-10.5576308994597
-10.5455941038262
-10.5335572042279
-10.5215202001976
-10.5094830912656
-10.4974458769594
-10.4854085568041
-10.473371130322
-10.4613335970326
-10.4492959564529
-10.437258208097
-10.4252203514763
-10.4131823860996
-10.4011443114726
-10.3891061270985
-10.3770678324776
-10.3650294271072
-10.3529909104819
-10.3409522820935
-10.3289135414306
-10.3168746879792
-10.3048357212222
-10.2927966406396
-10.2807574457084
-10.2687181359026
-10.2566787106932
-10.2446391695481
-10.2325995119322
-10.2205597373073
-10.2085198451322
-10.1964798348624
-10.1844397059503
-10.1723994578453
-10.1603590899934
-10.1483186018374
-10.136277992817
-10.1242372623686
-10.1121964099253
-10.100155434917
-10.0881143367699
-10.0760731149074
-10.0640317687492
-10.0519902977116
-10.0399487012075
-10.0279069786466
-10.0158651294348
-10.0038231529746
-9.99178104866518
-9.97973881590194
-9.96769645407684
-9.95565396257821
-9.94361134079078
-9.93156858809564
-9.91952570387019
-9.90748268748817
-9.89543953831957
-9.88339625573066
-9.87135283908393
-9.85930928773806
-9.84726560104792
-9.83522177836452
-9.82317781903499
-9.81113372240254
-9.79908948780646
-9.78704511458207
-9.7750006020607
-9.76295594956964
-9.75091115643215
-9.7388662219674
-9.72682114549045
-9.71477592631223
-9.70273056373948
-9.69068505707477
-9.67863940561641
-9.66659360865847
-9.65454766549071
-9.6425015753986
-9.63045533766321
-9.61840895156126
-9.60636241636504
-9.59431573134238
-9.58226889575665
-9.57022190886667
-9.55817476992675
-9.54612747818659
-9.53408003289128
-9.52203243328126
-9.5099846785923
-9.49793676805542
-9.48588870089692
-9.47384047633828
-9.46179209359619
-9.44974355188244
-9.43769485040395
-9.42564598836271
-9.41359696495572
-9.40154777937499
-9.38949843080748
-9.37744891843506
-9.36539924143451
-9.35334939897741
-9.34129939023017
-9.32924921435397
-9.31719887050469
-9.30514835783291
-9.29309767548387
-9.28104682259737
-9.26899579830783
-9.25694460174416
-9.24489323202974
-9.23284168828243
-9.22078996961445
-9.2087380751324
-9.19668600393717
-9.18463375512393
-9.17258132778209
-9.16052872099521
-9.148475933841
-9.13642296539128
-9.12436981471188
-9.11231648086266
-9.10026296289743
-9.08820925986388
-9.07615537080361
-9.06410129475198
-9.05204703073816
-9.039992577785
-9.02793793490906
-9.01588310112049
-9.00382807542301
-8.99177285681387
-8.9797174442838
-8.96766183681692
-8.95560603339075
-8.9435500329761
-8.93149383453706
-8.91943743703093
-8.90738083940814
-8.89532404061228
-8.88326703957993
-8.87120983524069
-8.85915242651712
-8.84709481232464
-8.83503699157149
-8.82297896315871
-8.81092072598003
-8.79886227892184
-8.78680362086314
-8.77474475067546
-8.76268566722281
-8.75062636936161
-8.73856685594066
-8.72650712580105
-8.7144471777761
-8.7023870106913
-8.69032662336426
-8.67826601460465
-8.6662051832141
-8.65414412798618
-8.64208284770629
-8.63002134115166
-8.61795960709118
-8.60589764428546
-8.59383545148666
-8.58177302743847
-8.56971037087602
-8.55764748052584
-8.54558435510575
-8.53352099332483
-8.5214573938833
-8.50939355547251
-8.49732947677481
-8.4852651564635
-8.47320059320276
-8.46113578564758
-8.44907073244366
-8.43700543222734
-8.42493988362555
-8.41287408525571
-8.40080803572564
-8.3887417336335
-8.37667517756771
-8.36460836610685
-8.35254129781961
-8.34047397126467
-8.32840638499065
-8.316338537536
-8.30427042742894
-8.29220205318733
-8.28013341331865
-8.26806450631985
-8.25599533067731
-8.2439258848667
-8.23185616735294
-8.21978617659009
-8.20771591102123
-8.19564536907841
-8.18357454918255
-8.17150344974331
-8.15943206915904
-8.14736040581664
-8.1352884580915
-8.12321622434739
-8.11114370293634
-8.09907089219858
-8.08699779046238
-8.07492439604402
-8.06285070724763
-8.0507767223651
-8.038702439676
-8.02662785744743
-8.01455297393394
-8.00247778737743
-7.99040229600702
-7.97832649803893
-7.9662503916764
-7.95417397510957
-7.94209724651533
-7.93002020405725
-7.91794284588543
-7.90586517013641
-7.89378717493303
-7.88170885838432
-7.86963021858537
-7.85755125361722
-7.84547196154673
-7.83339234042644
-7.82131238829447
-7.80923210317437
-7.79715148307502
-7.78507052599045
-7.77298922989977
-7.76090759276698
-7.74882561254087
-7.73674328715487
-7.72466061452693
-7.71257759255935
-7.70049421913868
-7.68841049213552
-7.67632640940447
-7.66424196878387
-7.65215716809575
-7.64007200514563
-7.62798647772239
-7.61590058359812
-7.60381432052796
-7.59172768624993
-7.57964067848482
-7.56755329493599
-7.55546553328924
-7.54337739121261
-7.53128886635629
-7.51919995635235
-7.50711065881469
-7.49502097133878
-7.48293089150154
-7.47084041686116
-7.45874954495692
-7.44665827330902
-7.43456659941839
-7.42247452076654
-7.41038203481536
-7.39828913900692
-7.38619583076334
-7.37410210748654
-7.36200796655809
-7.34991340533902
-7.3378184211696
-7.32572301136919
-7.31362717323598
-7.30153090404686
-7.28943420105718
-7.27733706150054
-7.2652394825886
-7.25314146151088
-7.24104299543454
-7.22894408150417
-7.21684471684154
-7.20474489854547
-7.19264462369151
-7.1805438893318
-7.16844269249478
-7.15634103018501
-7.14423889938293
-7.1321362970446
-7.12003322010151
-7.1079296654603
-7.09582563000257
-7.08372111058458
-7.07161610403705
-7.05951060716488
-7.04740461674693
-7.03529812953575
-7.02319114225732
-7.01108365161078
-6.99897565426821
-6.98686714687433
-6.97475812604623
-6.96264858837312
-6.95053853041603
-6.93842794870756
-6.92631683975159
-6.91420520002297
-6.90209302596727
-6.88998031400049
-6.87786706050872
-6.86575326184789
-6.85363891434346
-6.8415240142901
-6.82940855795138
-6.8172925415595
-6.80517596131491
-6.79305881338608
-6.78094109390906
-6.76882279898727
-6.7567039246911
-6.7445844670576
-6.73246442209014
-6.72034378575806
-6.70822255399636
-6.69610072270528
-6.68397828775002
-6.67185524496036
-6.65973159013026
-6.64760731901754
-6.63548242734351
-6.62335691079254
-6.61123076501176
-6.59910398561061
-6.58697656816048
-6.57484850819432
-6.56271980120623
-6.55059044265108
-6.53846042794406
-6.52632975246031
-6.51419841153449
-6.50206640046034
-6.48993371449027
-6.47780034883493
-6.46566629866277
-6.45353155909959
-6.44139612522807
-6.42925999208739
-6.41712315467267
-6.4049856079346
-6.39284734677888
-6.38070836606583
-6.36856866060985
-6.35642822517893
-6.3442870544942
-6.33214514322939
-6.32000248601033
-6.30785907741446
-6.29571491197029
-6.28356998415685
-6.27142428840323
-6.25927781908796
-6.24713057053852
-6.23498253703077
-6.22283371278837
-6.21068409198226
-6.19853366873003
-6.1863824370954
-6.17423039108757
-6.16207752466068
-6.14992383171316
-6.13776930608716
-6.1256139415679
-6.11345773188307
-6.10130067070217
-6.08914275163588
-6.07698396823543
-6.06482431399189
-6.05266378233555
-6.04050236663524
-6.02834006019761
-6.01617685626649
-6.00401274802211
-5.99184772858049
-5.97968179099263
-5.96751492824383
-5.95534713325295
-5.94317839887161
-5.93100871788351
-5.9188380830036
-5.90666648687732
-5.89449392207983
-5.88232038111518
-5.87014585641552
-5.85797034034027
-5.84579382517529
-5.83361630313205
-5.82143776634677
-5.80925820687955
-5.79707761671349
-5.78489598775381
-5.77271331182696
-5.7605295806797
-5.74834478597815
-5.73615891930692
-5.72397197216808
-5.71178393598027
-5.69959480207768
-5.68740456170907
-5.67521320603679
-5.66302072613576
-5.65082711299242
-5.63863235750369
-5.62643645047596
-5.61423938262398
-5.60204114456974
-5.58984172684147
-5.57764111987243
-5.56543931399983
-5.55323629946366
-5.54103206640555
-5.52882660486757
-5.51661990479107
-5.50441195601542
-5.49220274827683
-5.47999227120707
-5.46778051433224
-5.45556746707148
-5.44335311873566
-5.43113745852607
-5.41892047553309
-5.40670215873486
-5.39448249699588
-5.3822614790656
-5.37003909357708
-5.3578153290455
-5.34559017386672
-5.33336361631583
-5.32113564454565
-5.30890624658519
-5.29667541033817
-5.28444312358141
-5.2722093739633
-5.25997414900214
-5.24773743608458
-5.23549922246392
-5.22325949525849
-5.21101824144989
-5.19877544788134
-5.18653110125589
-5.17428518813464
-5.16203769493501
-5.14978860792884
-5.1375379132406
-5.12528559684547
-5.11303164456747
-5.10077604207753
-5.08851877489149
-5.07625982836817
-5.06399918770731
-5.05173683794753
-5.03947276396429
-5.02720695046771
-5.0149393820005
-5.00267004293576
-4.99039891747478
-4.97812598964478
-4.96585124329669
-4.95357466210279
-4.94129622955444
-4.92901592895962
-4.9167337434406
-4.90444965593144
-4.89216364917554
-4.87987570572311
-4.8675858079286
-4.85529393794813
-4.84300007773681
-4.83070420904611
-4.8184063134211
-4.80610637219772
-4.79380436649999
-4.7815002772371
-4.76919408510059
-4.7568857705614
-4.74457531386685
-4.73226269503768
-4.71994789386492
-4.7076308899068
-4.69531166248559
-4.68299019068436
-4.67066645334372
-4.65834042905851
-4.6460120961744
-4.63368143278452
-4.62134841672593
-4.6090130255761
-4.59667523664934
-4.58433502699315
-4.57199237338449
-4.55964725232606
-4.54729964004243
-4.53494951247621
-4.52259684528407
-4.51024161383272
-4.49788379319489
-4.48552335814515
-4.47316028315571
-4.46079454239216
-4.44842610970913
-4.43605495864587
-4.42368106242177
-4.41130439393181
-4.39892492574193
-4.38654263008431
-4.37415747885262
-4.36176944359713
-4.34937849551979
-4.33698460546918
-4.32458774393546
-4.31218788104513
-4.2997849865558
-4.28737902985078
-4.2749699799337
-4.2625578054229
-4.25014247454585
-4.23772395513341
-4.22530221461399
-4.21287722000767
-4.20044893792014
-4.18801733453665
-4.17558237561569
-4.16314402648277
-4.15070225202391
-4.13825701667914
-4.12580828443584
-4.11335601882198
-4.10090018289924
-4.08844073925599
-4.07597765000023
-4.06351087675229
-4.05104038063754
-4.03856612227883
-4.02608806178894
-4.01360615876278
-4.00112037226956
-3.98863066084475
-3.97613698248193
-3.96363929462449
-3.9511375541572
-3.93863171739764
-3.92612174008744
-3.91360757738339
-3.90108918384845
-3.88856651344246
-3.87603951951288
-3.86350815478521
-3.85097237135328
-3.83843212066943
-3.82588735353445
-3.81333802008739
-3.80078406979512
-3.78822545144179
-3.77566211311805
-3.76309400221006
-3.75052106538842
-3.73794324859672
-3.72536049704004
-3.71277275517318
-3.70017996668868
-3.68758207450461
-3.6749790207522
-3.66237074676321
-3.64975719305701
-3.63713829932757
-3.62451400443008
-3.61188424636736
-3.59924896227613
-3.58660808841284
-3.57396156013941
-3.56130931190863
-3.54865127724929
-3.5359873887511
-3.52331757804923
-3.51064177580867
-3.49795991170825
-3.48527191442437
-3.47257771161445
-3.45987722990002
-3.44717039484959
-3.43445713096112
-3.42173736164421
-3.40901100920193
-3.39627799481234
-3.38353823850967
-3.37079165916511
-3.35803817446726
-3.34527770090227
-3.33251015373351
-3.31973544698093
-3.30695349340002
-3.29416420446037
-3.28136749032381
-3.26856325982218
-3.25575142043463
-3.24293187826456
-3.23010453801605
-3.21726930296991
-3.20442607495921
-3.19157475434445
-3.17871523998812
-3.16584742922893
-3.15297121785543
-3.14008650007917
-3.12719316850742
-3.11429111411522
-3.10138022621706
-3.08846039243792
-3.07553149868378
-3.06259342911159
-3.04964606609866
-3.03668929021143
-3.02372298017372
-3.01074701283428
-2.9977612631338
-2.98476560407126
-2.97175990666961
-2.95874403994085
-2.9457178708504
-2.93268126428079
-2.91963408299471
-2.90657618759724
-2.8935074364975
-2.88042768586946
-2.86733678961204
-2.85423459930847
-2.8411209641848
-2.82799573106771
-2.81485874434145
-2.80170984590401
-2.78854887512236
-2.77537566878698
-2.76219006106537
-2.74899188345483
-2.73578096473419
-2.72255713091474
-2.70932020519017
-2.69607000788559
-2.68280635640557
-2.66952906518119
-2.65623794561611
-2.64293280603164
-2.62961345161072
-2.6162796843409
-2.60293130295625
-2.58956810287816
-2.57618987615503
-2.5627964114009
-2.54938749373284
-2.53596290470732
-2.52252242225525
-2.50906582061596
-2.49559287026988
-2.48210333787006
-2.46859698617237
-2.45507357396453
-2.44153285599378
-2.42797458289325
-2.41439850110712
-2.40080435281431
-2.38719187585092
-2.37356080363124
-2.35991086506745
-2.34624178448786
-2.33255328155378
-2.31884507117494
-2.30511686342349
-2.29136836344654
-2.27759927137723
-2.26380928224437
-2.24999808588049
-2.23616536682853
-2.22231080424693
-2.20843407181324
-2.19453483762618
-2.18061276410629
-2.16666750789489
-2.15269871975164
-2.13870604445053
-2.12468912067433
-2.11064758090757
-2.09658105132794
-2.08248915169623
-2.06837149524476
-2.05422768856437
-2.04005733148986
-2.02586001698407
-2.01163533102049
-1.99738285246453
-1.98310215295336
-1.96879279677446
-1.95445434074291
-1.94008633407737
-1.92568831827491
-1.91125982698469
-1.89680038588057
-1.88230951253268
-1.86778671627804
-1.85323149809039
-1.83864335044913
-1.82402175720766
-1.80936619346114
-1.79467612541372
-1.77995101024545
-1.76519029597903
-1.75039342134636
-1.73555981565531
-1.72068889865658
-1.70578008041108
-1.69083276115787
-1.67584633118291
-1.66082017068883
-1.64575364966597
-1.63064612776491
-1.61549695417077
-1.6003054674796
-1.58507099557712
-1.56979285552013
-1.55447035342098
-1.53910278433547
-1.52368943215451
-1.50822956950006
-1.4927224576257
-1.47716734632237
-1.46156347382978
-1.445910066754
-1.43020633999181
-1.41445149666248
-1.39864472804744
-1.38278521353883
-1.36687212059731
-1.35090460472013
-1.3348818094202
-1.31880286621703
-1.30266689464034
-1.2864730022475
-1.27022028465567
-1.25390782558968
-1.23753469694694
-1.2210999588804
-1.20460265990092
-1.18804183700035
-1.17141651579667
-1.15472571070276
-1.1379684251202
-1.12114365165993
-1.1042503723912
-1.0872875591209
-1.07025417370499
-1.05314916839395
-1.03597148621457
-1.01872006138995
-1.00139381980022
-0.983991679486298
-0.966512551199102
-0.948955338996943
-0.93131894089374
-0.91360224956094
-0.895804153086086
-0.877923535791133
-0.859959279113715
-0.841910262554714
-0.823775364695596
-0.805553464289117
-0.787243441427133
-0.768844178789387
-0.750354562977249
-0.731773485936559
-0.713099846473815
-0.694332551870089
-0.675470519597174
-0.65651267914058
-0.637457973934117
-0.618305363410881
-0.599053825175603
-0.579702357303345
-0.560249980769646
-0.540695742017271
-0.521038715664737
-0.501278007361838
-0.481412756797396
-0.461442140864429
-0.441365376987889
-0.42118172662006
-0.400890498908594
-0.380491054542007
-0.359982809777295
-0.339365240654098
-0.318637887399577
-0.297800359027816
-0.27685233813723
-0.255793585908978
-0.234623947308885
-0.213343356494829
-0.191951842430837
-0.170449534708472
-0.148836669575207
-0.127113596168618
-0.105280782954186
-0.083338824363401
-0.0612884476276464
-0.0391305198019798
-0.0168660549715096
0.00550377836852556
0.0279776497695657
0.0505540591358387
0.0732313288941389
0.0960075960437432
0.118880804105147
0.141848694988653
0.164908800806347
0.188058435653585
0.211294687388839
0.234614409443631
0.258014212697165
0.28149045745335
0.305039245560979
0.328656412721022
0.352337521028153
0.376077851796869
0.399872398725751
0.423715861456539
0.447602639587793
0.471526827205827
0.495482207998423
0.519462251019365
0.543460107174212
0.567468606499692
0.5914802563108
0.615487240290885
0.639481418600802
0.663454329083375
0.68739718963911
0.711300901847969
0.735156055910314
0.758952936977563
0.782681532939712
0.806331543732611
0.82989239222272
0.853353236720853
0.876702985169316
0.899930311038661
0.923023670961067
0.945971324117229
0.968761353382403
0.991381688225152
1.01382012933935
1.0360643749761
1.05810204892778
1.07992073010113
1.10150798360077
1.12285139322841
1.14393859528712
1.16475731356358
1.18529539534553
1.20554084831615
1.2254818781521
1.24510692663818
1.26440471009851
1.28336425793265
1.30197495103511
1.32022655986833
1.33810928195299
1.35561377853522
1.37273121018855
1.38945327110867
1.40577222186226
1.42168092035664
1.43717285080507
1.4522421504731
1.4668836340048
1.48109281514294
1.49486592567511
1.50819993145775
1.52109254539143
1.53354223724443
1.54554824024593
1.55711055439593
1.56822994646526
1.57890794668562
1.58914684215645
1.59894966702131
1.60832018949261
1.61726289582758
1.62578297138216
1.63388627889077
1.64157933414018
1.64886927922307
1.65576385357274
1.66227136299351
1.66840064691185
1.67416104408163
1.67956235698217
1.68461481515104
1.68932903769371
1.69371599521063
1.69778697137768
1.70155352441007
1.70502744863111
1.70822073635766
1.71114554030194
1.71381413667731
1.71623888918067
1.71843221401032
1.72040654606164
1.72217430642789
1.7237478713167
1.72513954247695
1.72636151921478
1.72742587206162
1.72834451814221
1.72912919827587
1.72979145583041
1.73034261733528
1.73079377484817
1.73115577005827
1.73143918009912
1.73165430503488
1.73181115697553
1.73191945076968
1.73198859621694
1.73202769173737
1.73204551943046
1.73205054145337
1.73205089764527
1.73205440432279
1.73206855417094
1.732100517153
1.73215714236341
1.73224496074837
1.73237018862012
1.73253873189233
1.73275619096645
1.73302786620074
1.73335876389661
1.73375360273957
1.73421682063494
1.73475258188176
1.73536478463122
1.73605706857943
1.73683282284718
1.73769519400295
1.73864709418825
1.73969120930775
1.74083000724935
1.74206574610274
1.74340048234744
1.74483607898417
1.74637421358613
1.7480163862491
1.74976392742163
1.75161800559897
1.75357963486621
1.75564968227843
1.757828875067
1.76011780766341
1.76251694853315
1.76502664681378
1.76764713875279
1.77037855394174
1.77322092134465
1.7761741751194
1.77923816023181
1.78241263786305
1.78569729061153
1.78909172749134
1.79259548872963
1.79620805036604
1.79992882865758
1.80375718429275
1.80769242641921
1.81173381648925
1.81588057192781
1.82013186962791
1.82448684927838
1.828944616529
1.83350424599831
1.83816478412905
1.84292525189677
1.84778464737654
1.85274194817308
1.85779611371948
1.86294608744957
1.86819079884885
1.8735291653891
1.87896009435142
1.88448248454228
1.89009522790753
1.89579721104855
1.90158731664507
1.90746442478896
1.91342741423296
1.91947516355854
1.92560655226659
1.93182046179474
1.93811577646494
1.94449138436474
1.95094617816558
1.95747905588139
1.96408892157047
1.97077468598374
1.97753526716212
1.98436959098574
1.9912765916777
1.99825521226479
2.0053044049975
2.01242313173177
2.01961036427449
2.02686508469494
2.03418628560403
2.04157297040335
2.04902415350578
2.05653886052931
2.06411612846577
2.07175500582603
2.07945455276304
2.08721384117421
2.09503195478437
2.10290798921068
2.11084105201051
2.11883026271359
2.12687475283941
2.13497366590089
2.14312615739528
2.15133139478325
2.15958855745691
2.16789683669773
2.17625543562495
2.18466356913536
2.19312046383503
2.20162535796367
2.21017750131222
2.21877615513427
2.22742059205175
2.23611009595561
2.24484396190162
2.25362149600214
2.26244201531398
2.27130484772284
2.28020933182477
2.28915481680492
2.29814066231384
2.30716623834188
2.31623092509167
2.32533411284917
2.33447520185344
2.34365360216539
2.35286873353573
2.36212002527231
2.37140691610704
2.38072885406262
2.3900852963191
2.39947570908064
2.40889956744238
2.41835635525772
2.42784556500609
2.4373666976612
2.44691926256008
2.45650277727287
2.46611676747341
2.47576076681087
2.48543431678232
2.49513696660642
2.50486827309825
2.51462780054529
2.52441512058472
2.53422981208193
2.54407146101041
2.55393966033302
2.56383400988456
2.57375411625585
2.58369959267922
2.59367005891546
2.60366514114227
2.61368447184416
2.62372768970391
2.63379443949551
2.64388437197862
2.65399714379457
2.66413241736387
2.67428986078527
2.68446914773632
2.69466995737544
2.70489197424558
2.71513488817928
2.72539839420533
2.73568219245688
2.74598598808104
2.75630949114996
2.76665241657337
2.77701448401258
2.78739541779591
2.79779494683551
2.8082128045457
2.81864872876258
2.82910246166505
2.8395737496973
2.85006234349246
2.86056799779778
2.87109047140095
2.88162952705788
2.89218493142159
2.90275645497252
2.91334387195
2.92394696028495
2.93456550153381
2.94519928081369
2.9558480867386
2.96651171135695
2.97718995009014
2.98788260167222
2.99858946809074
3.00931035452867
3.02004506930729
3.03079342383026
3.04155523252869
3.05233031280712
3.06311848499067
3.07391957227303
3.08473340066549
3.09555979894689
3.10639859861451
3.11724963383586
3.12811274140142
3.13898776067817
3.14987453356408
3.16077290444341
3.17168272014283
3.18260382988842
3.19353608526338
3.20447934016665
3.21543345077218
3.22639827548909
3.23737367492249
3.24835951183504
3.25935565110928
3.27036195971063
3.28137830665109
3.29240456295361
3.30344060161717
3.31448629758246
3.32554152769824
3.33660617068831
3.34768010711912
3.35876321936798
3.36985539159184
3.38095650969669
3.39206646130749
3.40318513573874
3.41431242396548
3.42544821859498
3.43659241383879
3.44774490548547
3.4589055908737
3.47007436886601
3.48125113982287
3.49243580557736
3.50362826941029
3.51482843602575
3.52603621152711
3.53725150339355
3.5484742204569
3.559704272879
3.57094157212942
3.58218603096366
3.59343756340167
3.60469608470683
3.61596151136527
3.6272337610656
3.63851275267901
3.64979840623973
3.66109064292582
3.67238938504036
3.68369455599293
3.6950060802815
3.70632388347458
3.7176478921937
3.72897803409629
3.74031423785873
3.75165643315986
3.76300455066466
3.77435852200833
3.78571827978055
3.79708375751012
3.80845488964983
3.8198316115616
3.83121385950189
3.84260157060739
3.85399468288096
3.86539313517776
3.87679686719177
3.88820581944237
3.8996199332613
3.91103915077979
3.92246341491593
3.93389266936226
3.94532685857356
3.95676592775492
3.96820982284994
3.97965849052919
3.99111187817886
4.00256993388959
4.01403260644554
4.02549984531356
4.03697160063272
4.04844782320379
4.05992846447911
4.07141347655254
4.08290281214955
4.0943964246176
4.10589426791656
4.11739629660936
4.1289024658528
4.14041273138852
4.15192704953408
4.16344537717426
4.17496767175245
4.18649389126223
4.19802399423908
4.20955793975218
4.22109568739648
4.23263719728472
4.24418243003979
4.25573134678703
4.26728390914679
4.27884007922704
4.29039981961619
4.30196309337589
4.31352986403412
4.32510009557826
4.33667375244834
4.34825079953039
4.35983120214989
4.37141492606537
4.38300193746205
4.39459220294563
4.40618568953619
4.41778236466214
4.42938219615435
4.44098515224026
4.45259120153825
4.46420031305192
4.47581245616459
4.48742760063387
4.49904571658627
4.51066677451192
4.52229074525943
4.53391760003074
4.54554731037613
4.55717984818925
4.56881518570229
4.5804532954812
4.59209415042094
4.60373772374091
4.61538398898036
4.62703291999392
4.63868449094718
4.65033867631235
4.66199545086401
4.67365478967486
4.68531666811164
4.69698106183102
4.70864794677559
4.72031729916993
4.73198909551674
4.74366331259299
4.75533992744616
4.76701891739057
4.77870026000369
4.79038393312258
4.80206991484037
4.81375818350273
4.8254487177045
4.83714149628629
4.84883649833118
4.86053370316142
4.87223309033525
4.8839346396437
4.89563833110751
4.90734414497401
4.91905206171412
4.93076206201938
4.94247412679901
4.95418823717701
4.9659043744893
4.97762252028098
4.98934265630351
5.00106476451201
5.01278882706258
5.02451482630968
5.03624274480353
5.0479725652875
5.05970427069569
5.07143784415033
5.08317326895944
5.09491052861435
5.10664960678735
5.11839048732937
5.13013315426763
5.14187759180343
5.15362378430985
5.1653717163296
5.17712137257283
5.18887273791497
5.20062579739465
5.21238053621162
5.22413693972467
5.23589499344968
5.24765468305755
5.25941599437231
5.27117891336914
5.28294342617251
5.29470951905427
5.30647717843181
5.31824639086626
5.33001714306067
5.34178942185824
5.35356321424058
5.36533850732602
5.37711528836787
5.38889354475275
5.400673263999
5.41245443375498
5.42423704179753
5.43602107603034
5.44780652448245
5.45959337530668
5.47138161677809
5.48317123729258
5.4949622253653
5.50675456962932
5.51854825883409
5.53034328184412
5.54213962763753
5.5539372853047
5.56573624404694
5.57753649317512
5.58933802210837
5.60114082037278
5.61294487760013
5.62475018352662
5.63655672799165
5.64836450093654
5.66017349240337
5.67198369253377
5.68379509156773
5.69560767984246
5.70742144779123
5.71923638594224
5.73105248491752
5.7428697354318
5.75468812829145
5.76650765439342
5.77832830472415
5.79015007035854
5.80197294245895
5.81379691227414
5.8256219711383
5.83744811047007
5.84927532177153
5.86110359662727
5.87293292670342
5.88476330374674
5.89659471958368
5.90842716611946
5.92026063533718
5.93209511929695
5.94393061013497
5.95576710006272
5.96760458136606
5.97944304640441
5.99128248760992
6.00312289748665
6.01496426860974
6.02680659362464
6.0386498652463
6.05049407625842
6.06233921951262
6.07418528792777
6.08603227448914
6.09788017224777
6.10972897431964
6.12157867388502
6.13342926418771
6.14528073853438
6.15713309029384
6.16898631289638
6.1808403998331
6.1926953446552
6.20455114097337
6.21640778245711
6.22826526283412
6.2401235758896
6.25198271546571
6.26384267546088
6.27570344982925
6.28756503258002
6.29942741777691
6.31129059953752
6.32315457203276
6.33501932948633
6.34688486617406
6.35875117642344
6.370618254613
6.38248609517183
6.39435469257896
6.40622404136291
6.4180941361011
6.42996497141937
6.44183654199145
6.45370884253847
6.46558186782842
6.47745561267571
6.48933007194063
6.50120524052892
6.51308111339124
6.52495768552273
6.53683495196254
6.54871290779338
6.56059154814105
6.57247086817398
6.58435086310283
6.59623152818001
6.60811285869926
6.61999484999524
6.63187749744309
6.64376079645801
6.65564474249485
6.66752933104772
6.67941455764957
6.69130041787179
6.70318690732382
6.71507402165279
6.72696175654308
6.73885010771598
6.75073907092932
6.76262864197706
6.77451881668899
6.78640959093028
6.79830096060121
6.81019292163675
6.82208547000625
6.83397860171308
6.84587231279429
6.85776659932028
6.86966145739444
6.88155688315286
6.89345287276398
6.90534942242826
6.9172465283779
6.92914418687647
6.94104239421864
6.95294114672988
6.96484044076609
6.9767402727134
6.98864063898778
7.00054153603481
7.01244296032934
7.02434490837526
7.03624737670514
7.04815036188004
7.06005386048916
7.0719578691496
7.08386238450607
7.09576740323063
7.10767292202245
7.11957893760751
7.13148544673834
7.14339244619381
7.15529993277882
7.16720790332409
7.17911635468589
7.1910252837458
7.20293468741047
7.21484456261139
7.22675490630462
7.2386657154706
7.25057698711389
7.26248871826293
7.27440090596986
7.28631354731024
7.29822663938286
7.31014017930953
7.32205416423481
7.33396859132588
7.34588345777223
7.35779876078555
7.36971449759944
7.38163066546923
7.39354726167182
7.40546428350541
7.41738172828934
7.42929959336389
7.44121787609009
7.45313657384951
7.46505568404407
7.47697520409589
7.48889513144704
7.50081546355941
7.51273619791451
7.52465733201327
7.5365788633759
7.54850078954166
7.56042310806875
7.57234581653409
7.58426891253316
7.59619239367983
7.60811625760621
7.62004050196246
7.63196512441663
7.64389012265452
7.6558154943795
7.66774123731233
7.67966734919106
7.69159382777083
7.70352067082371
7.71544787613859
7.727375441521
7.73930336479294
7.75123164379279
7.76316027637512
7.77508926041054
7.7870185937856
7.7989482744026
7.81087830017949
7.8228086690497
7.83473937896202
7.84667042788046
7.85860181378411
7.87053353466701
7.88246558853804
7.89439797342076
7.90633068735326
7.91826372838811
7.93019709459217
7.94213078404646
7.95406479484608
7.96599912510007
7.97793377293125
7.98986873647617
8.00180401388493
8.0137396033211
8.02567550296157
8.03761171099649
8.04954822562907
8.06148504507556
8.07342216756508
8.08535959133951
8.09729731465341
8.10923533577388
8.12117365298049
8.13311226456513
8.14505116883194
8.15699036409717
8.16892984868913
8.18086962094802
8.19280967922588
8.20475002188648
8.21669064730521
8.22863155386897
8.24057273997611
8.2525142040363
8.26445594447044
8.27639795971059
8.28834024819983
8.30028280839222
8.31222563875268
8.32416873775689
8.33611210389121
8.3480557356526
8.35999963154854
8.37194379009689
8.38388820982587
8.39583288927394
8.4077778269897
8.41972302153184
8.43166847146905
8.44361417537992
8.45556013185284
8.467506339486
8.47945279688722
8.4913995026739
8.50334645547298
8.5152936539208
8.52724109666307
8.53918878235476
8.55113670966006
8.56308487725227
8.57503328381374
8.58698192803582
8.59893080861873
8.61087992427155
8.62282927371211
8.63477885566691
8.64672866887111
8.6586787120684
8.67062898401093
8.68257948345929
8.69453020918241
8.70648115995748
8.71843233456994
8.73038373181333
8.7423353504893
8.7542871894075
8.76623924738554
8.77819152324893
8.79014401583099
8.80209672397279
8.81404964652314
8.82600278233846
8.83795613028276
8.84990968922757
8.86186345805189
8.87381743564211
8.88577162089197
8.89772601270248
8.90968060998192
8.92163541164569
8.93359041661634
8.94554562382347
8.95750103220369
8.96945664070055
8.98141244826452
8.99336845385287
9.0053246564297
9.01728105496582
9.02923764843875
9.04119443583262
9.05315141613814
9.06510858835257
9.07706595147963
9.08902350452948
9.10098124651866
9.11293917647003
9.12489729341275
9.13685559638221
9.14881408441998
9.16077275657376
9.17273161189737
9.18469064945064
9.19664986829944
9.20860926751556
9.22056884617672
9.23252860336648
9.24448853817426
9.2564486496952
9.26840893703023
9.28036939928591
9.2923300355745
9.30429084501383
9.31625182672729
9.3282129798438
9.34017430349775
9.35213579682898
9.3640974589827
9.3760592891095
9.38802128636526
9.39998344991116
9.41194577891361
9.4239082725442
9.43587092997969
9.44783375040196
9.45979673299797
9.47175987695973
9.48372318148424
9.4956866457735
9.5076502690344
9.51961405047877
9.53157798932327
9.54354208478939
9.55550633610343
9.56747074249641
9.5794353032041
9.59140001746694
9.60336488453002
9.61532990364305
9.62729507406032
9.63926039504067
9.65122586584745
9.6631914857485
9.67515725401611
9.687123169927
9.69908923276224
9.7110554418073
9.72302179635195
9.73498829569023
9.74695493912049
9.75892172594527
9.77088865547132
9.78285572700957
9.79482293987508
9.80679029338703
9.81875778686865
9.83072541964727
9.84269319105419
9.85466110042474
9.86662914709821
9.87859733041781
9.89056564973067
9.90253410438781
9.91450269374408
9.92647141715817
9.93844027399258
9.95040926361355
9.96237838539111
9.97434763869896
9.98631702291453
9.99828653741891
10.0102561815968
10.0222259548366
10.0341958565301
10.046165886073
10.0581360428642
10.0701063263062
10.0820767358052
10.0940472707706
10.1060179306153
10.1179887147558
10.1299596226118
10.1419306536064
10.1539018071661
10.1658730827208
10.1778444797034
10.1898159975504
10.2017876357015
10.2137593935994
10.2257312706904
10.2377032664236
10.2496753802514
10.2616476116296
10.2736199600167
10.2855924248746
10.2975650056682
10.3095377018654
10.3215105129372
10.3334834383576
10.3454564776036
10.3574296301552
10.3694028954953
10.3813762731099
10.3933497624876
10.4053233631202
10.4172970745023
10.4292708961312
10.4412448275072
10.4532188681335
10.4651930175158
10.4771672751629
10.4891416405862
10.5011161132998
10.5130906928207
10.5250653786684
10.5370401703652
10.5490150674362
10.5609900694089
10.5729651758136
10.5849403861831
10.596915700053
10.6088911169612
10.6208666364485
10.6328422580579
10.6448179813353
10.6567938058287
10.668769731089
10.6807457566694
10.6927218821254
10.7046981070153
10.7166744308996
10.7286508533412
10.7406273739056
10.7526039921604
10.7645807076759
10.7765575200245
10.788534428781
10.8005114335226
10.8124885338287
10.8244657292812
10.8364430194639
10.8484204039633
10.8603978823679
10.8723754542683
10.8843531192578
10.8963308769313
10.9083087268865
10.9202866687227
10.9322647020418
10.9442428264476
10.9562210415462
10.9681993469458
10.9801777422565
10.9921562270907
11.0041348010628
11.0161134637894
11.028092214889
11.0400710539821
11.0520499806915
11.0640289946417
11.0760080954593
11.0879872827731
11.0999665562136
11.1119459154133
11.1239253600069
11.1359048896307
11.1478845039231
11.1598642025245
11.1718439850771
11.1838238512249
11.1958038006139
11.207783832892
11.2197639477089
11.231744144716
11.2437244235669
11.2557047839166
11.2676852254222
11.2796657477425
11.2916463505381
11.3036270334713
11.3156077962062
11.3275886384088
11.3395695597466
11.351550559889
11.3635316385071
11.3755127952737
11.3874940298633
11.3994753419519
11.4114567312175
11.4234381973397
11.4354197399994
11.4474013588797
11.4593830536649
11.4713648240412
11.4833466696962
11.4953285903192
11.5073105856012
11.5192926552346
11.5312747989135
11.5432570163336
11.5552393071921
11.5672216711877
11.5792041080206
11.5911866173928
11.6031691990075
11.6151518525696
11.6271345777855
11.6391173743629
11.6511002420112
11.6630831804413
11.6750661893653
11.687049268497
11.6990324175516
11.7110156362457
11.7229989242973
11.7349822814259
11.7469657073523
11.758949201799
11.7709327644894
11.7829163951488
11.7949000935034
11.8068838592813
11.8188676922115
11.8308515920246
11.8428355584524
11.8548195912282
11.8668036900866
11.8787878547634
11.8907720849958
11.9027563805223
11.9147407410827
11.9267251664181
11.9387096562708
11.9506942103846
11.9626788285044
11.9746635103762
11.9866482557476
11.9986330643673
12.0106179359851
